0006 156 234 32 32 0.53
0006 221 234 32 32 0.24
0007 80 10 160 160 0.70
0007 54 324 72 72 0.35
0007 0 84 32 32 0.30
0015 15 15 161 161 0.22
0016 18 162 32 32 0.36
0016 27 252 32 32 0.29
0017 110 20 32 32 0.48
0018 0 0 107 107 0.31
0021 215 134 72 72 0.36
0022 80 270 160 160 0.27
0028 31 252 72 72 0.86
0029 170 10 32 32 0.59
0029 0 10 32 32 0.41
0029 110 15 72 72 0.40
0030 50 100 32 32 0.32
0030 298 125 71 72 0.27
0031 240 15 160 160 0.47
0033 134 161 107 107 0.47
0034 170 160 32 32 0.27
0035 340 255 32 32 0.23
0042 335 161 72 71 0.48
0042 292 159 107 107 0.30
0047 143 53 72 72 0.34
0051 312 32 32 32 0.36
0051 376 0 32 32 0.29
0053 14 14 240 240 0.94
0055 126 378 72 72 0.23
0059 134 228 107 107 0.43
0059 108 13 72 72 0.33
0059 147 107 108 107 0.33
0064 0 0 240 240 0.28
0068 55 33 32 32 0.29
0068 157 78 72 72 0.24
0071 67 364 72 72 0.45
0071 13 189 72 72 0.29
0073 90 30 160 160 0.26
0075 108 180 72 72 0.58
0075 134 319 107 107 0.27
0078 104 0 160 159 0.33
0079 78 93 71 72 0.27
0079 192 80 32 32 0.21
0081 60 45 240 240 0.27
0088 108 162 72 72 0.21
0089 120 13 108 107 0.33
0091 100 60 32 32 0.39
0094 59 14 160 160 0.24
0097 112 56 32 32 0.57
0097 201 120 72 72 0.22
0100 0 252 107 107 0.23
0101 120 13 107 107 0.62
0103 120 45 160 160 0.70
0103 45 45 240 240 0.61
0104 52 82 239 239 0.74
0107 160 254 108 107 0.31
0107 44 44 160 160 0.23
0108 235 15 71 72 0.23
0112 269 0 71 71 0.48
0112 148 0 236 236 0.42
0117 70 60 107 107 0.21
0118 150 210 160 160 0.35
0118 75 75 160 160 0.35
0120 110 31 72 72 0.42
0120 55 55 32 32 0.36
0121 175 337 72 72 0.29
0122 29 0 240 239 0.70
0122 80 335 107 107 0.27
0123 31 173 72 72 0.33
0123 78 157 72 72 0.27
0125 24 48 32 32 0.79
0125 0 67 107 107 0.43
0125 252 36 72 72 0.37
0125 0 15 160 160 0.26
0126 0 66 32 32 0.42
0129 54 144 32 32 0.22
0132 160 240 32 32 0.24
0134 105 75 160 160 0.61
0134 60 30 240 240 0.37
0136 204 72 32 32 0.25
0141 100 33 108 108 0.36
0142 93 254 108 108 0.56
0142 99 59 160 160 0.20
0145 31 31 72 72 0.69
0146 16 56 32 32 0.42
0146 136 8 32 32 0.30
0149 227 53 107 107 0.68
0149 190 50 32 32 0.20
0150 150 30 160 160 0.22
0151 224 240 32 32 0.30
0151 188 219 72 72 0.26
0153 60 130 32 32 0.22
0154 81 171 32 32 0.40
0154 108 243 72 72 0.21
0155 143 198 32 32 0.33
0156 60 156 32 32 1.11
0159 120 0 160 160 0.37
0160 180 0 32 32 0.31
0161 227 0 108 107 0.31
0167 218 50 107 107 0.41
0167 90 396 32 32 0.25
0169 107 0 107 107 0.58
0170 202 13 72 72 0.37
0170 165 0 160 160 0.34
0173 90 0 32 32 0.42
0180 75 0 160 160 0.21
0181 0 0 159 159 0.25
0182 0 63 72 72 0.25
0185 70 112 32 32 0.41
0185 40 70 32 32 0.32
0186 140 28 32 32 0.44
0186 74 104 160 160 0.25
0191 215 336 72 72 0.27
0198 125 31 72 72 0.48
0198 336 240 32 32 0.25
0199 153 34 32 32 0.38
0199 289 85 32 32 0.22
0201 121 77 32 32 0.43
0201 176 143 32 32 0.37
0204 110 150 32 32 0.22
0213 45 30 160 160 0.49
0214 60 30 160 160 0.70
0215 117 182 32 32 0.24
0217 172 0 72 71 0.30
0219 125 156 72 72 0.68
0219 88 110 32 32 0.34
0222 301 50 107 107 0.38
0229 162 72 32 32 0.25
0230 48 204 32 32 0.32
0232 59 74 240 240 0.61
0232 141 361 72 72 0.42
0233 130 220 32 32 0.52
0236 105 0 160 160 0.24
0239 216 12 32 32 0.40
0240 134 16 107 107 0.21
0241 78 173 72 72 0.31
0243 96 24 32 32 0.27
0243 134 83 107 108 0.23
0244 174 67 108 107 0.36
0248 147 134 108 107 0.22
0250 107 40 107 107 0.59
0252 306 342 72 72 0.79
0258 67 147 107 108 0.49
0259 153 54 32 32 0.47
0259 216 67 72 72 0.34
0260 269 0 159 159 0.30
0261 53 26 108 108 0.32
0262 105 15 160 160 0.76
0264 209 14 159 160 0.21
0267 80 13 108 107 0.40
0267 30 15 240 240 0.20
0268 105 15 160 160 0.48
0270 117 218 108 107 0.41
0272 50 0 107 107 0.52
0273 161 228 107 107 0.33
0274 105 120 160 160 0.41
0274 60 60 240 240 0.23
0280 107 13 107 107 0.28
0282 215 188 72 72 0.45
0282 201 174 108 108 0.20
0284 198 0 72 72 0.26
0285 288 234 72 72 0.79
0286 88 232 32 32 0.35
0287 60 60 240 240 0.34
0294 147 67 108 107 0.28
0298 285 15 160 160 0.37
0299 74 14 160 160 0.49
0301 104 59 160 160 0.36
0302 24 60 32 32 0.71
0302 167 33 108 107 0.20
0305 167 16 108 108 0.39
0308 80 10 160 160 0.21
0316 107 13 107 107 0.29
0317 94 47 72 72 0.38
0317 161 147 107 108 0.29
0317 63 31 72 72 0.27
0318 240 53 72 71 0.26
0320 83 0 108 107 0.54
0321 94 0 107 107 0.74
0322 50 0 160 160 0.24
0328 134 0 72 71 0.36
0329 88 110 32 32 0.28
0332 60 132 32 32 0.62
0333 315 126 72 72 0.37
0334 0 0 107 107 0.26
0335 29 0 240 239 1.16
0336 88 88 32 32 0.27
0339 270 0 32 32 0.44
0339 108 108 32 32 0.26
0341 121 202 72 72 0.21
0341 94 108 72 72 0.20
0346 342 108 32 32 0.40
0351 160 60 32 32 0.43
0351 219 15 72 72 0.24
0352 105 15 160 160 0.35
0352 45 60 240 240 0.25
0353 134 53 107 108 0.65
0353 141 15 72 72 0.23
0357 45 45 240 240 0.27
0358 84 204 32 32 0.29
0359 160 53 72 71 0.36
0359 134 59 160 160 0.28
0360 157 236 72 72 0.40
0361 120 45 160 160 0.70
0361 45 60 240 240 0.56
0363 47 78 72 72 0.35
0363 289 102 32 32 0.30
0363 44 55 32 32 0.29
0367 135 165 32 32 0.38
0367 45 180 160 160 0.33
0368 117 16 107 108 0.42
0370 67 201 107 108 0.37
0371 45 15 240 240 0.34
0372 120 30 160 160 0.30
0373 162 189 72 72 0.25
0375 30 0 240 240 0.47
0377 180 195 160 160 0.40
0378 141 78 72 72 0.21
0379 33 150 107 107 0.38
0380 0 170 32 32 0.20
0385 120 75 160 160 0.62
0391 200 0 107 106 0.43
0394 143 88 32 32 0.32
0396 105 30 240 240 0.31
0398 294 315 32 32 0.28
0400 204 187 32 32 0.33
0402 157 78 72 72 0.32
0402 135 30 160 160 0.25
0404 240 210 32 32 0.23
0406 78 117 32 32 0.69
0406 180 15 160 160 0.45
0406 108 162 72 72 0.24
0409 110 60 32 32 0.23
0411 377 13 72 72 0.47
0411 200 60 32 32 0.42
0411 90 150 32 32 0.35
0411 60 0 32 32 0.31
0417 239 146 106 106 0.29
0418 45 0 160 160 0.23
0418 75 75 160 160 0.22
0421 134 134 107 107 0.47
0421 286 125 72 72 0.39
0422 29 0 240 239 0.34
0423 318 251 107 107 0.21
0426 108 9 32 32 0.58
0426 81 54 32 32 0.34
0426 121 148 72 72 0.29
0426 20 140 160 160 0.25
0427 240 225 32 32 0.28
0429 13 214 71 72 0.36
0432 240 150 32 32 0.23
0432 64 64 32 32 0.20
0433 30 45 240 240 0.50
0435 282 47 72 71 0.53
0435 210 30 240 240 0.21
0442 210 75 160 160 0.49
0442 288 306 72 72 0.26
0443 120 26 108 108 0.43
0444 283 110 71 71 0.57
0444 200 90 32 32 0.54
0444 44 59 160 160 0.35
0444 390 135 32 32 0.23
0445 120 0 107 107 0.34
0445 135 375 32 32 0.21
0446 121 13 72 72 0.24
0447 120 67 107 107 0.42
