0001 176 128 32 32 0.86
0001 272 176 32 32 0.80
0001 304 176 32 32 0.69
0001 192 224 32 32 0.65
0001 112 64 32 32 0.65
0001 48 128 32 32 0.64
0001 0 0 64 32 0.63
0001 272 240 32 32 0.58
0002 112 208 32 32 0.66
0002 192 320 32 32 0.63
0002 240 368 32 32 0.59
0002 32 224 32 32 0.54
0002 128 320 32 32 0.52
0003 192 128 32 32 0.78
0003 272 128 32 32 0.72
0003 26 26 108 108 0.67
0003 76 92 72 72 0.62
0003 26 0 108 32 0.60
0003 0 60 32 72 0.59
0003 240 192 32 32 0.57
0003 176 80 32 32 0.56
0004 12 108 72 72 1.19
0004 112 208 32 32 1.05
0004 128 160 32 32 0.91
0004 48 208 32 32 0.90
0004 224 208 32 32 0.73
0004 208 160 32 32 0.70
0004 144 112 32 32 0.69
0004 0 0 96 64 0.69
0004 16 352 32 32 0.67
0004 32 224 32 32 0.64
0004 96 256 32 32 0.57
0004 76 60 72 72 0.56
0004 288 224 32 32 0.53
0004 176 160 32 32 0.51
0005 288 224 32 32 0.96
0005 12 12 72 72 0.79
0005 64 352 32 32 0.75
0005 144 144 32 32 0.66
0005 48 112 32 32 0.58
0005 48 80 32 32 0.51
0006 0 108 32 72 1.38
0006 60 108 72 72 1.00
0006 0 368 32 32 0.86
0006 128 192 32 32 0.80
0006 0 0 32 64 0.71
0006 0 224 32 32 0.70
0006 240 400 32 32 0.67
0006 0 60 32 72 0.61
0006 44 60 72 72 0.57
0006 64 368 32 32 0.56
0006 0 256 32 32 0.56
0006 0 10 96 108 0.54
0006 208 352 32 32 0.53
0006 0 336 32 32 0.50
0007 48 64 32 32 1.19
0007 256 48 32 32 0.92
0007 112 112 32 32 0.90
0007 160 0 32 32 0.89
0007 96 16 32 32 0.86
0007 44 44 72 72 0.84
0007 10 0 108 64 0.80
0007 240 16 32 32 0.79
0007 176 160 32 32 0.72
0007 176 48 32 32 0.69
0007 92 0 72 64 0.67
0007 192 208 32 32 0.62
0007 96 160 32 32 0.61
0007 128 256 32 32 0.61
0007 96 192 32 32 0.55
0008 16 368 32 32 0.85
0008 240 48 32 32 0.67
0008 64 96 32 32 0.59
0008 160 32 32 32 0.58
0008 16 208 32 32 0.55
0008 0 26 96 108 0.54
0008 128 368 32 32 0.52
0008 16 336 32 32 0.51
0008 32 320 32 32 0.51
0009 336 128 32 32 0.86
0009 224 128 32 32 0.77
0009 224 80 32 32 0.75
0009 112 112 32 32 0.58
0009 272 48 32 32 0.57
0010 64 0 32 32 1.31
0010 96 0 32 32 1.16
0010 160 0 32 32 0.95
0010 32 192 32 32 0.90
0010 16 128 32 32 0.78
0010 256 16 32 32 0.58
0011 0 208 32 32 1.23
0011 64 224 32 32 1.15
0011 60 108 72 72 1.13
0011 0 32 32 32 1.12
0011 64 304 32 32 1.09
0011 0 124 32 72 1.01
0011 0 0 32 32 1.01
0011 96 336 32 32 0.98
0011 160 368 32 32 0.68
0011 176 208 32 32 0.66
0011 16 368 32 32 0.66
0011 12 0 72 64 0.59
0011 160 176 32 32 0.58
0011 0 240 32 32 0.54
0011 96 176 32 32 0.52
0012 208 416 32 32 0.73
0012 0 0 64 32 0.68
0012 64 16 32 32 0.56
0012 28 76 72 72 0.55
0012 96 0 32 32 0.51
0013 0 44 64 72 1.26
0013 64 16 32 32 0.70
0013 80 352 32 32 0.68
0013 208 16 32 32 0.55
0013 208 48 32 32 0.54
0013 144 32 32 32 0.52
0013 240 160 32 32 0.50
0014 48 96 32 32 1.08
0014 96 224 32 32 0.86
0014 176 384 32 32 0.74
0014 32 224 32 32 0.69
0014 80 144 32 32 0.67
0014 48 336 32 32 0.54
0014 32 352 32 32 0.54
0014 272 224 32 32 0.52
0014 96 128 32 32 0.51
0014 112 160 32 32 0.51
0015 128 64 32 32 0.89
0015 144 192 32 32 0.64
0015 48 96 32 32 0.60
0015 96 224 32 32 0.55
0016 144 32 32 32 0.62
0016 144 112 32 32 0.57
0016 112 112 32 32 0.53
0016 96 64 32 32 0.51
0016 112 48 32 32 0.51
0017 160 48 32 32 0.72
0018 28 0 72 32 1.04
0018 80 48 32 32 0.95
0018 112 0 32 32 0.85
0018 192 112 32 32 0.61
0018 128 80 32 32 0.58
0018 0 28 64 72 0.57
0018 64 336 32 32 0.51
0019 0 0 64 32 0.90
0019 48 208 32 32 0.88
0019 12 108 72 72 0.59
0019 48 336 32 32 0.58
0019 112 80 32 32 0.57
0019 64 320 32 32 0.54
0019 48 176 32 32 0.52
0020 32 96 32 32 1.21
0020 0 12 64 72 1.08
0020 256 240 32 32 0.91
0020 112 240 32 32 0.87
0020 96 256 32 32 0.71
0020 48 144 32 32 0.65
0020 96 96 32 32 0.64
0020 96 128 32 32 0.58
0020 144 48 32 32 0.55
0020 160 160 32 32 0.52
0020 12 60 72 72 0.51
0022 16 256 32 32 1.06
0022 48 368 32 32 0.72
0022 64 96 32 32 0.68
0022 16 352 32 32 0.64
0022 0 58 32 108 0.55
0022 288 64 32 32 0.55
0022 192 224 32 32 0.52
0023 0 0 64 32 1.03
0023 12 44 72 72 0.78
0023 96 0 32 32 0.71
0023 112 16 32 32 0.68
0023 80 224 32 32 0.65
0023 28 12 72 72 0.65
0023 192 0 32 32 0.60
0023 80 160 32 32 0.53
0023 128 32 32 32 0.53
0023 112 240 32 32 0.53
0023 176 352 32 32 0.50
0024 80 16 32 32 0.88
0024 208 304 32 32 0.63
0024 128 192 32 32 0.55
0025 80 240 32 32 1.19
0025 0 76 64 72 1.09
0025 44 0 72 32 0.78
0025 96 208 32 32 0.76
0025 128 144 32 32 0.74
0025 208 224 32 32 0.63
0025 48 224 32 32 0.62
0025 192 320 32 32 0.61
0025 192 256 32 32 0.54
0026 0 0 64 32 1.17
0026 112 240 32 32 0.98
0026 0 240 32 32 0.97
0026 160 368 32 32 0.84
0026 96 272 32 32 0.62
0026 80 224 32 32 0.54
0027 44 28 72 72 1.22
0027 12 60 72 72 0.68
0027 112 80 32 32 0.67
0027 44 108 72 72 0.61
0027 192 192 32 32 0.58
0027 288 384 32 32 0.55
0028 144 16 32 32 0.85
0028 0 0 32 32 0.80
0028 48 16 32 32 0.67
0028 288 128 32 32 0.53
0028 44 0 72 32 0.52
0029 0 0 96 32 0.78
0029 32 144 32 32 0.71
0029 176 32 32 32 0.64
0029 0 160 32 32 0.54
0030 128 416 32 32 1.71
0030 128 256 32 32 1.15
0030 208 224 32 32 0.85
0030 320 336 32 32 0.64
0030 224 368 32 32 0.60
0030 128 160 32 32 0.57
0030 112 32 32 32 0.55
0031 288 240 32 32 0.90
0031 224 64 32 32 0.68
0031 128 96 32 32 0.67
0031 128 16 32 32 0.60
0031 144 32 32 32 0.58
0032 16 112 32 32 0.99
0032 144 64 32 32 0.58
0032 44 0 72 32 0.52
0033 0 0 96 32 1.04
0033 128 128 32 32 0.66
0033 192 384 32 32 0.62
0033 160 320 32 32 0.61
0033 64 208 32 32 0.58
0033 128 32 32 32 0.54
0034 192 352 32 32 0.61
0034 112 208 32 32 0.61
0034 64 128 32 32 0.54
0034 160 128 32 32 0.53
0034 76 60 72 72 0.53
0034 32 144 32 32 0.53
0035 64 128 32 32 1.30
0035 160 336 32 32 1.15
0035 48 224 32 32 0.87
0035 0 256 32 32 0.70
0035 96 224 32 32 0.60
0035 12 0 72 32 0.58
0035 48 32 32 32 0.57
0035 64 80 32 32 0.56
0035 176 144 32 32 0.52
0035 176 240 32 32 0.52
0035 9 10 110 108 0.51
0036 384 176 32 32 1.37
0036 368 160 32 32 0.84
0036 192 48 32 32 0.79
0036 240 80 32 32 0.75
0036 128 48 32 32 0.66
0036 416 176 32 32 0.62
0036 144 80 32 32 0.60
0036 28 0 72 32 0.54
0036 112 160 32 32 0.52
0037 160 112 32 32 1.06
0037 80 80 32 32 0.85
0037 96 256 32 32 0.76
0037 80 176 32 32 0.66
0037 96 64 32 32 0.66
0037 144 96 32 32 0.59
0037 144 0 32 32 0.58
0037 128 128 32 32 0.56
0037 240 272 32 32 0.56
0037 0 160 32 32 0.53
0038 16 176 32 32 1.01
0038 224 416 32 32 0.66
0038 224 368 32 32 0.55
0039 64 32 32 32 1.10
0039 0 42 96 108 0.95
0039 144 400 32 32 0.92
0039 208 368 32 32 0.86
0039 32 352 32 32 0.82
0039 192 384 32 32 0.78
0039 64 0 32 32 0.58
0039 96 256 32 32 0.51
0040 112 80 32 32 0.55
0040 144 64 32 32 0.51
0041 0 0 64 64 1.26
0041 124 60 72 72 1.00
0041 224 112 32 32 0.95
0041 58 10 108 108 0.93
0041 112 128 32 32 0.63
0041 304 272 32 32 0.63
0041 12 60 72 72 0.61
0041 64 192 32 32 0.59
0041 272 16 32 32 0.53
0041 48 240 32 32 0.51
0042 48 160 32 32 0.85
0042 144 144 32 32 0.79
0042 80 256 32 32 0.64
0042 160 208 32 32 0.60
0042 0 58 64 108 0.57
0043 80 256 32 32 1.09
0043 112 80 32 32 0.96
0043 64 96 32 32 0.88
0043 128 112 32 32 0.65
0043 144 64 32 32 0.58
0043 272 144 32 32 0.51
0044 16 272 32 32 1.15
0044 208 64 32 32 0.86
0044 128 48 32 32 0.84
0044 240 96 32 32 0.77
0044 144 96 32 32 0.67
0044 0 400 32 32 0.60
0044 32 144 32 32 0.55
0044 192 96 32 32 0.52
0045 64 336 32 32 1.38
0045 48 208 32 32 1.34
0045 96 240 32 32 1.32
0045 48 240 32 32 1.19
0045 64 368 32 32 1.05
0045 48 176 32 32 1.00
0045 160 0 32 32 0.76
0045 160 160 32 32 0.73
0045 128 112 32 32 0.71
0045 48 16 32 32 0.70
0045 80 64 32 32 0.67
0045 48 272 32 32 0.61
0045 208 80 32 32 0.57
0045 32 144 32 32 0.52
0045 96 336 32 32 0.50
0046 28 0 72 64 0.77
0046 60 60 72 72 0.74
0046 64 128 32 32 0.74
0046 32 208 32 32 0.62
0046 32 240 32 32 0.62
0046 176 160 32 32 0.51
0047 176 144 32 32 0.89
0047 400 304 32 32 0.56
0047 336 304 32 32 0.52
0047 112 96 32 32 0.51
0049 208 96 32 32 1.07
0049 16 368 32 32 0.98
0049 12 60 72 72 0.90
0049 64 32 32 32 0.67
0049 144 64 32 32 0.63
0049 0 0 32 32 0.62
0049 160 208 32 32 0.59
0049 16 240 32 32 0.57
0049 96 80 32 32 0.57
0049 48 128 32 32 0.52
0049 76 108 72 72 0.52
0050 44 92 72 72 0.98
0050 96 144 32 32 0.97
0050 320 272 32 32 0.87
0050 0 144 32 32 0.81
0050 0 0 64 64 0.78
0050 144 16 32 32 0.75
0050 0 10 96 108 0.74
0050 192 352 32 32 0.73
0050 80 240 32 32 0.73
0050 32 160 32 32 0.63
0050 64 256 32 32 0.55
0051 256 0 32 32 1.13
0051 16 32 32 32 0.95
0051 0 12 64 72 0.82
0051 10 0 108 96 0.81
0051 160 256 32 32 0.71
0051 80 96 32 32 0.56
0052 32 16 32 32 1.31
0052 96 336 32 32 0.75
0052 304 160 32 32 0.72
0052 64 16 32 32 0.62
0052 0 0 32 32 0.62
0052 96 128 32 32 0.62
0052 192 144 32 32 0.61
0052 400 272 32 32 0.56
0052 256 176 32 32 0.54
0052 176 224 32 32 0.51
0053 64 160 32 32 1.15
0053 48 112 32 32 0.70
0053 304 112 32 32 0.68
0053 16 144 32 32 0.58
0053 288 80 32 32 0.57
0053 0 0 96 64 0.52
0054 112 224 32 32 1.39
0054 48 304 32 32 0.95
0054 144 144 32 32 0.84
0054 60 44 72 72 0.79
0054 176 224 32 32 0.60
0054 176 160 32 32 0.57
0054 0 108 64 72 0.55
0054 160 112 32 32 0.53
0055 108 0 72 64 1.52
0055 0 176 32 32 1.50
0055 240 80 32 32 1.14
0055 80 288 32 32 0.97
0055 368 112 32 32 0.90
0055 192 32 32 32 0.85
0055 288 48 32 32 0.85
0055 42 0 108 64 0.83
0055 144 144 32 32 0.83
0055 0 144 32 32 0.82
0055 96 112 32 32 0.66
0055 112 240 32 32 0.57
0055 192 96 32 32 0.56
0055 16 224 32 32 0.54
0055 0 0 64 32 0.54
0055 224 16 32 32 0.50
0056 240 192 32 32 0.75
0056 48 304 32 32 0.74
0056 0 320 32 32 0.70
0056 48 336 32 32 0.64
0056 224 336 32 32 0.59
0056 176 80 32 32 0.53
0056 80 256 32 32 0.52
0056 32 192 32 32 0.52
0056 208 0 32 32 0.51
0056 256 80 32 32 0.51
0057 44 28 72 72 0.80
0057 48 192 32 32 0.74
0057 144 192 32 32 0.58
0057 304 192 32 32 0.54
0057 160 144 32 32 0.50
0058 28 0 72 32 1.00
0058 0 112 32 32 0.61
0058 192 336 32 32 0.51
0059 0 0 32 32 0.89
0059 128 16 32 32 0.84
0059 144 400 32 32 0.77
0059 80 0 32 32 0.76
0059 160 288 32 32 0.62
0059 176 0 32 32 0.57
0059 128 48 32 32 0.56
0059 80 256 32 32 0.55
0059 80 208 32 32 0.54
0059 44 0 72 64 0.53
0059 208 336 32 32 0.50
0060 0 42 32 108 1.18
0060 0 0 64 32 0.78
0060 32 192 32 32 0.75
0060 0 108 64 72 0.66
0060 96 208 32 32 0.60
0060 60 28 72 72 0.58
0060 28 0 72 64 0.54
0061 80 48 32 32 1.15
0061 224 288 32 32 0.83
0061 144 112 32 32 0.74
0061 112 64 32 32 0.62
0061 80 112 32 32 0.58
0062 192 64 32 32 0.56
0062 176 176 32 32 0.56
0062 192 144 32 32 0.52
0062 128 48 32 32 0.50
0063 32 112 32 32 0.74
0063 32 80 32 32 0.71
0063 176 416 32 32 0.69
0063 96 384 32 32 0.65
0063 0 0 32 32 0.65
0063 96 96 32 32 0.63
0063 16 208 32 32 0.60
0063 0 28 64 72 0.54
0063 32 240 32 32 0.53
0063 64 192 32 32 0.52
0063 96 304 32 32 0.51
0064 144 48 32 32 0.81
0065 32 352 32 32 1.39
0065 64 336 32 32 1.25
0065 240 336 32 32 1.11
0065 32 320 32 32 1.02
0065 64 304 32 32 0.92
0065 160 224 32 32 0.86
0065 48 192 32 32 0.86
0065 144 240 32 32 0.84
0065 0 108 32 72 0.84
0065 44 12 72 72 0.80
0065 32 208 32 32 0.69
0065 0 368 32 32 0.67
0065 12 124 72 72 0.64
0065 288 192 32 32 0.61
0065 12 0 72 32 0.61
0065 112 64 32 32 0.61
0065 96 320 32 32 0.60
0065 10 26 108 108 0.56
0065 224 352 32 32 0.55
0065 192 320 32 32 0.52
0066 144 272 32 32 1.08
0066 32 192 32 32 1.05
0066 304 320 32 32 1.03
0066 208 144 32 32 0.91
0066 144 0 32 32 0.90
0066 12 12 72 72 0.87
0066 0 60 64 72 0.65
0066 320 224 32 32 0.57
0066 96 112 32 32 0.53
0066 80 176 32 32 0.52
0067 144 0 32 32 1.03
0067 96 112 32 32 0.73
0067 400 256 32 32 0.71
0067 192 112 32 32 0.54
0067 368 240 32 32 0.53
0067 64 32 32 32 0.52
0067 96 80 32 32 0.52
0067 32 32 32 32 0.51
0067 32 144 32 32 0.50
0068 256 256 32 32 1.03
0068 92 76 72 72 0.96
0068 176 160 32 32 0.78
0068 60 0 72 32 0.72
0068 256 32 32 32 0.70
0068 160 16 32 32 0.67
0068 0 0 64 32 0.62
0068 80 176 32 32 0.52
0068 48 80 32 32 0.51
0069 0 58 96 108 0.80
0069 96 32 32 32 0.68
0069 208 400 32 32 0.53
0070 0 42 32 108 0.70
0070 224 0 32 32 0.54
0070 80 160 32 32 0.53
0070 44 108 72 72 0.53
0070 160 320 32 32 0.50
0071 192 240 32 32 1.68
0071 128 160 32 32 1.21
0071 160 224 32 32 0.92
0071 192 272 32 32 0.89
0071 0 0 96 32 0.88
0071 64 320 32 32 0.77
0071 108 92 72 72 0.76
0071 0 352 32 32 0.74
0071 304 256 32 32 0.74
0071 48 256 32 32 0.73
0071 80 304 32 32 0.65
0071 48 160 32 32 0.63
0071 48 208 32 32 0.62
0071 192 176 32 32 0.57
0071 96 32 32 32 0.57
0071 160 256 32 32 0.56
0071 64 368 32 32 0.55
0071 0 224 32 32 0.54
0071 0 256 32 32 0.54
0071 64 144 32 32 0.54
0071 128 208 32 32 0.52
0071 304 192 32 32 0.52
0072 352 64 32 32 1.27
0072 140 76 72 72 1.22
0072 256 80 32 32 1.12
0072 256 112 32 32 1.09
0072 44 44 72 72 1.01
0072 224 64 32 32 1.00
0072 352 96 32 32 0.87
0072 140 28 72 72 0.82
0072 160 208 32 32 0.79
0072 240 32 32 32 0.74
0072 400 144 32 32 0.71
0072 58 0 108 96 0.71
0072 368 144 32 32 0.66
0072 320 160 32 32 0.65
0072 400 48 32 32 0.63
0072 240 96 32 32 0.55
0072 384 64 32 32 0.53
0073 112 80 32 32 1.63
0073 96 64 32 32 1.60
0073 144 96 32 32 1.10
0073 128 112 32 32 0.99
0073 0 0 32 32 0.93
0073 48 64 32 32 0.89
0073 0 0 96 64 0.88
0073 32 256 32 32 0.80
0073 144 224 32 32 0.77
0073 16 176 32 32 0.63
0073 144 64 32 32 0.62
0073 28 28 72 72 0.61
0073 80 80 32 32 0.57
0073 96 112 32 32 0.55
0073 224 288 32 32 0.54
0075 10 58 108 108 1.28
0075 48 224 32 32 0.79
0075 128 224 32 32 0.74
0075 60 124 72 72 0.67
0075 256 144 32 32 0.58
0076 32 128 32 32 0.59
0076 64 96 32 32 0.58
0076 32 224 32 32 0.58
0076 64 32 32 32 0.57
0076 12 0 72 64 0.57
0077 0 42 96 108 1.29
0077 288 160 32 32 0.74
0077 160 208 32 32 0.67
0077 288 416 32 32 0.54
0078 64 48 32 32 1.15
0078 60 12 72 72 0.83
0078 64 336 32 32 0.76
0078 112 176 32 32 0.71
0078 240 400 32 32 0.63
0078 224 144 32 32 0.59
0078 32 336 32 32 0.52
0078 16 144 32 32 0.51
0079 80 288 32 32 1.18
0079 64 80 32 32 0.80
0079 112 320 32 32 0.74
0079 96 112 32 32 0.72
0079 112 144 32 32 0.68
0079 60 28 72 72 0.60
0079 0 26 96 108 0.53
0079 48 192 32 32 0.52
0079 96 176 32 32 0.52
0080 0 0 96 96 0.62
0081 128 160 32 32 0.80
0081 160 288 32 32 0.72
0081 128 192 32 32 0.71
0081 192 304 32 32 0.67
0081 10 26 108 108 0.66
0081 208 272 32 32 0.63
0081 192 240 32 32 0.57
0081 60 92 72 72 0.52
0081 352 288 32 32 0.50
0082 112 160 32 32 0.79
0082 64 128 32 32 0.78
0082 44 12 72 72 0.77
0082 48 384 32 32 0.64
0082 16 256 32 32 0.59
0082 112 80 32 32 0.58
0082 128 240 32 32 0.57
0082 256 80 32 32 0.56
0082 32 400 32 32 0.56
0082 0 140 32 72 0.56
0083 112 256 32 32 2.70
0083 176 400 32 32 0.86
0083 96 208 32 32 0.71
0083 0 42 96 108 0.71
0083 224 400 32 32 0.66
0083 96 368 32 32 0.61
0083 112 400 32 32 0.61
0083 240 384 32 32 0.52
0083 240 320 32 32 0.50
0084 32 112 32 32 0.91
0084 32 176 32 32 0.89
0084 64 0 32 32 0.67
0085 0 12 32 72 1.01
0085 48 80 32 32 0.96
0085 96 128 32 32 0.91
0085 112 224 32 32 0.79
0085 16 176 32 32 0.69
0085 192 288 32 32 0.64
0085 60 28 72 72 0.58
0085 0 0 96 32 0.53
0085 64 304 32 32 0.52
0086 48 304 32 32 0.86
0086 0 0 64 32 0.65
0086 16 224 32 32 0.55
0086 224 288 32 32 0.52
0087 44 124 72 72 1.48
0087 44 0 72 64 1.01
0087 112 32 32 32 0.98
0087 0 42 96 108 0.88
0087 80 336 32 32 0.87
0087 160 48 32 32 0.84
0087 96 224 32 32 0.82
0087 192 288 32 32 0.74
0087 80 256 32 32 0.61
0087 96 352 32 32 0.58
0087 48 224 32 32 0.52
0087 256 176 32 32 0.51
0087 112 112 32 32 0.50
0088 64 48 32 32 1.32
0088 80 80 32 32 0.79
0088 304 320 32 32 0.75
0088 288 96 32 32 0.70
0088 0 0 32 96 0.65
0088 320 32 32 32 0.59
0088 48 0 32 32 0.59
0088 288 48 32 32 0.53
0088 32 176 32 32 0.53
0088 16 128 32 32 0.53
0089 48 352 32 32 0.97
0089 96 192 32 32 0.78
0089 80 144 32 32 0.57
0089 16 192 32 32 0.54
0090 176 304 32 32 0.96
0090 160 336 32 32 0.89
0090 0 0 64 64 0.70
0090 0 26 96 108 0.60
0090 144 320 32 32 0.52
0090 96 176 32 32 0.51
0091 144 64 32 32 1.02
0091 192 80 32 32 0.91
0091 176 96 32 32 0.87
0091 112 64 32 32 0.85
0091 76 12 72 72 0.85
0091 108 0 72 64 0.77
0091 108 76 72 72 0.75
0091 0 288 32 32 0.69
0091 224 160 32 32 0.58
0091 304 176 32 32 0.54
0091 0 0 96 96 0.53
0091 224 48 32 32 0.52
0091 16 272 32 32 0.52
0091 0 96 32 32 0.51
0091 42 10 108 108 0.51
0092 48 144 32 32 1.05
0092 80 224 32 32 0.92
0092 48 208 32 32 0.87
0092 32 224 32 32 0.77
0092 0 124 64 72 0.69
0092 112 16 32 32 0.60
0092 0 28 64 72 0.58
0092 80 352 32 32 0.57
0092 28 0 72 64 0.52
0093 10 58 108 108 0.95
0093 60 124 72 72 0.75
0093 80 192 32 32 0.60
0094 176 64 32 32 0.69
0094 25 0 110 64 0.68
0094 112 80 32 32 0.67
0094 272 208 32 32 0.62
0095 48 160 32 32 1.39
0095 144 0 32 32 1.09
0095 192 0 32 32 0.88
0095 0 124 64 72 0.58
0095 112 176 32 32 0.57
0095 48 16 32 32 0.51
0095 0 0 96 32 0.50
0096 12 28 72 72 0.64
0096 96 416 32 32 0.61
0097 48 32 32 32 1.26
0097 0 108 32 72 1.14
0097 64 48 32 32 1.10
0097 32 320 32 32 1.08
0097 12 0 72 64 1.02
0097 48 64 32 32 0.90
0097 128 32 32 32 0.90
0097 96 32 32 32 0.85
0097 16 208 32 32 0.55
0097 128 0 32 32 0.53
0097 32 352 32 32 0.52
0097 96 0 32 32 0.51
0098 208 352 32 32 1.86
0098 144 16 32 32 1.38
0098 112 64 32 32 0.85
0098 176 0 32 32 0.75
0098 192 160 32 32 0.72
0098 256 128 32 32 0.63
0098 256 64 32 32 0.60
0098 304 240 32 32 0.60
0098 76 44 72 72 0.57
0098 160 80 32 32 0.57
0098 80 0 32 32 0.55
0098 28 60 72 72 0.55
0098 48 144 32 32 0.52
0098 176 112 32 32 0.51
0099 0 144 32 32 1.36
0099 0 0 96 32 1.14
0099 64 32 32 32 1.06
0099 80 16 32 32 0.91
0099 80 224 32 32 0.89
0099 160 16 32 32 0.84
0099 96 320 32 32 0.79
0099 28 28 72 72 0.67
0099 144 80 32 32 0.57
0099 96 48 32 32 0.54
0100 224 352 32 32 0.98
0100 0 48 32 32 0.87
0100 28 44 72 72 0.86
0100 176 0 32 32 0.81
0100 0 336 32 32 0.77
0100 80 160 32 32 0.74
0100 272 16 32 32 0.68
0100 208 160 32 32 0.64
0100 128 256 32 32 0.64
0100 0 0 64 32 0.61
0100 0 42 96 108 0.59
0100 144 112 32 32 0.57
0100 16 368 32 32 0.53
0101 384 272 32 32 2.05
0101 256 176 32 32 0.89
0101 0 0 96 32 0.61
0101 208 16 32 32 0.61
0101 80 176 32 32 0.59
0101 240 32 32 32 0.55
0101 108 0 72 32 0.54
0101 128 64 32 32 0.53
0101 416 288 32 32 0.52
0101 48 224 32 32 0.51
0102 64 96 32 32 0.67
0102 112 128 32 32 0.64
0102 0 0 64 32 0.54
0102 224 240 32 32 0.53
0103 28 0 72 32 1.15
0103 12 0 72 64 0.99
0103 240 240 32 32 0.90
0103 60 12 72 72 0.85
0103 208 112 32 32 0.73
0103 208 160 32 32 0.72
0103 128 80 32 32 0.66
0104 192 368 32 32 0.99
0104 112 208 32 32 0.80
0104 16 144 32 32 0.70
0104 80 80 32 32 0.65
0104 144 352 32 32 0.60
0104 192 96 32 32 0.60
0104 176 336 32 32 0.59
0104 32 208 32 32 0.55
0104 128 80 32 32 0.54
0105 64 32 32 32 0.95
0105 16 64 32 32 0.92
0105 0 0 64 32 0.92
0105 96 0 32 32 0.83
0105 48 96 32 32 0.82
0105 0 80 32 32 0.77
0105 32 48 32 32 0.69
0105 32 112 32 32 0.63
0105 256 416 32 32 0.61
0105 64 0 32 32 0.58
0105 144 0 32 32 0.51
0105 16 128 32 32 0.50
0106 0 288 32 32 1.15
0106 192 368 32 32 1.00
0106 44 12 72 72 0.84
0106 240 288 32 32 0.80
0106 28 76 72 72 0.78
0106 48 224 32 32 0.73
0106 0 0 64 32 0.66
0106 256 304 32 32 0.66
0106 80 384 32 32 0.64
0106 0 0 64 128 0.56
0107 92 0 72 64 1.64
0107 0 64 32 32 1.52
0107 176 32 32 32 1.12
0107 44 92 72 72 0.77
0107 192 0 32 32 0.74
0107 160 48 32 32 0.73
0107 96 176 32 32 0.68
0107 256 144 32 32 0.68
0107 64 48 32 32 0.67
0107 0 12 32 72 0.63
0107 176 112 32 32 0.62
0107 80 208 32 32 0.60
0107 25 0 110 32 0.58
0107 160 224 32 32 0.54
0108 256 208 32 32 1.39
0108 140 124 72 72 0.97
0108 44 12 72 72 0.85
0108 16 80 32 32 0.80
0108 12 124 72 72 0.73
0108 256 144 32 32 0.73
0108 140 0 72 64 0.63
0108 80 320 32 32 0.58
0108 384 32 32 32 0.57
0108 28 44 72 72 0.56
0109 0 0 64 32 0.70
0109 28 28 72 72 0.66
0109 12 0 72 64 0.58
0109 128 112 32 32 0.55
0109 0 42 96 108 0.55
0110 192 160 32 32 0.90
0110 64 112 32 32 0.81
0110 76 140 72 72 0.69
0110 0 0 64 32 0.61
0110 44 108 72 72 0.57
0110 144 240 32 32 0.51
0111 0 0 64 32 0.82
0111 112 128 32 32 0.71
0111 0 0 32 128 0.70
0111 64 176 32 32 0.68
0111 0 42 64 108 0.67
0111 32 208 32 32 0.66
0111 48 144 32 32 0.65
0111 44 0 72 64 0.60
0111 288 224 32 32 0.58
0111 224 304 32 32 0.54
0111 48 240 32 32 0.52
0112 112 240 32 32 0.93
0112 0 0 64 32 0.72
0112 0 42 96 108 0.56
0112 160 368 32 32 0.55
0112 112 96 32 32 0.54
0113 160 240 32 32 0.72
0113 96 336 32 32 0.59
0113 160 80 32 32 0.59
0113 48 288 32 32 0.50
0114 32 112 32 32 1.05
0114 144 32 32 32 0.70
0114 176 144 32 32 0.66
0114 32 384 32 32 0.62
0114 112 96 32 32 0.60
0114 240 64 32 32 0.50
0115 64 32 32 32 1.30
0115 32 16 32 32 0.82
0115 112 96 32 32 0.82
0115 44 108 72 72 0.71
0115 10 0 108 96 0.67
0115 96 80 32 32 0.63
0115 192 64 32 32 0.59
0115 0 124 32 72 0.57
0115 0 58 32 108 0.51
0116 96 32 32 32 0.62
0117 128 112 32 32 0.93
0117 192 240 32 32 0.92
0117 160 256 32 32 0.77
0117 160 96 32 32 0.75
0117 128 224 32 32 0.73
0117 176 80 32 32 0.70
0117 272 352 32 32 0.69
0117 80 144 32 32 0.67
0117 224 256 32 32 0.64
0117 112 16 32 32 0.61
0117 44 28 72 72 0.59
0118 48 80 32 32 0.86
0119 0 128 32 32 1.02
0119 112 48 32 32 0.75
0119 272 80 32 32 0.63
0119 176 80 32 32 0.58
0119 0 60 64 72 0.53
0119 26 58 108 108 0.50
0120 192 272 32 32 0.74
0120 112 48 32 32 0.74
0120 368 272 32 32 0.63
0120 44 0 72 32 0.62
0120 64 32 32 32 0.61
0120 240 176 32 32 0.59
0121 176 192 32 32 1.11
0121 96 128 32 32 0.66
0121 48 208 32 32 0.65
0121 240 0 32 32 0.55
0121 80 32 32 32 0.54
0121 192 16 32 32 0.51
0122 112 64 32 32 0.69
0123 48 176 32 32 0.73
0123 48 240 32 32 0.65
0123 0 224 32 32 0.63
0123 64 112 32 32 0.58
0124 0 144 32 32 1.79
0124 28 92 72 72 0.81
0124 160 144 32 32 0.65
0125 112 48 32 32 0.76
0125 128 96 32 32 0.69
0125 60 44 72 72 0.67
0125 16 0 32 32 0.51
0126 0 304 32 32 0.97
0126 96 48 32 32 0.92
0126 160 128 32 32 0.73
0126 16 192 32 32 0.73
0126 160 80 32 32 0.68
0126 64 256 32 32 0.61
0126 96 128 32 32 0.57
0126 44 12 72 72 0.55
0126 0 10 96 108 0.54
0127 144 160 32 32 0.85
0127 192 224 32 32 0.57
0128 128 32 32 32 1.02
0128 288 96 32 32 0.95
0128 16 240 32 32 0.86
0128 192 48 32 32 0.70
0128 48 64 32 32 0.66
0128 64 48 32 32 0.62
0128 112 64 32 32 0.55
0128 224 112 32 32 0.53
0129 0 48 32 32 0.74
0129 0 26 64 108 0.65
0130 32 0 32 32 0.95
0130 208 416 32 32 0.89
0130 160 176 32 32 0.83
0130 176 192 32 32 0.75
0130 192 320 32 32 0.75
0130 0 16 32 32 0.69
0130 64 32 32 32 0.67
0130 224 48 32 32 0.62
0130 96 96 32 32 0.60
0130 224 80 32 32 0.56
0130 176 64 32 32 0.52
0130 0 124 32 72 0.51
0131 76 12 72 72 1.29
0131 32 352 32 32 0.59
0131 256 0 32 32 0.59
0131 32 240 32 32 0.55
0131 64 224 32 32 0.54
0132 58 0 108 64 1.05
0132 16 112 32 32 0.95
0132 368 192 32 32 0.84
0132 256 64 32 32 0.80
0132 384 96 32 32 0.73
0132 0 0 32 96 0.69
0132 384 240 32 32 0.62
0132 240 112 32 32 0.62
0132 160 48 32 32 0.57
0132 0 92 64 72 0.56
0132 32 48 32 32 0.52
0133 44 44 72 72 0.98
0133 64 16 32 32 0.96
0133 96 160 32 32 0.86
0133 176 32 32 32 0.85
0133 0 0 64 32 0.67
0133 112 128 32 32 0.53
0134 44 0 72 64 0.81
0134 96 224 32 32 0.70
0134 96 112 32 32 0.64
0134 224 416 32 32 0.61
0134 0 80 32 32 0.59
0134 48 160 32 32 0.57
0134 80 64 32 32 0.54
0134 48 80 32 32 0.51
0135 144 112 32 32 1.01
0135 96 176 32 32 0.88
0135 144 272 32 32 0.68
0135 44 92 72 72 0.63
0135 192 224 32 32 0.58
0135 176 176 32 32 0.54
0136 0 352 32 32 0.81
0136 208 144 32 32 0.66
0136 0 140 64 72 0.59
0136 16 224 32 32 0.55
0137 144 160 32 32 2.06
0137 224 240 32 32 1.82
0137 0 192 32 32 1.61
0137 16 112 32 32 1.07
0137 304 256 32 32 0.81
0137 0 0 96 64 0.80
0137 26 0 108 96 0.72
0137 160 192 32 32 0.71
0137 48 160 32 32 0.68
0137 144 64 32 32 0.57
0137 80 112 32 32 0.55
0137 32 128 32 32 0.51
0138 144 208 32 32 0.89
0138 128 176 32 32 0.88
0138 144 16 32 32 0.68
0138 32 0 32 32 0.67
0138 0 0 32 32 0.66
0138 124 0 72 32 0.64
0138 208 192 32 32 0.59
0138 10 26 108 108 0.57
0138 76 76 72 72 0.54
0138 224 48 32 32 0.53
0138 208 224 32 32 0.53
0139 0 0 64 32 0.91
0139 112 240 32 32 0.84
0139 160 224 32 32 0.66
0139 160 352 32 32 0.60
0139 96 208 32 32 0.58
0140 32 256 32 32 2.04
0140 16 160 32 32 0.93
0140 160 128 32 32 0.91
0140 128 192 32 32 0.88
0140 224 320 32 32 0.88
0140 96 352 32 32 0.80
0140 0 140 64 72 0.76
0140 160 160 32 32 0.75
0140 224 352 32 32 0.72
0140 16 224 32 32 0.70
0140 0 42 96 108 0.62
0140 0 368 32 32 0.60
0140 224 208 32 32 0.60
0140 240 256 32 32 0.59
0140 16 304 32 32 0.54
0141 0 12 64 72 1.24
0141 96 16 32 32 0.98
0141 144 0 32 32 0.73
0141 64 80 32 32 0.72
0141 0 0 96 32 0.61
0141 112 240 32 32 0.58
0141 160 48 32 32 0.58
0141 144 176 32 32 0.52
0142 48 384 32 32 0.79
0142 80 96 32 32 0.64
0142 48 128 32 32 0.60
0142 28 44 72 72 0.55
0142 160 144 32 32 0.52
0142 112 224 32 32 0.52
0143 0 160 32 32 1.59
0143 0 256 32 32 1.34
0143 0 288 32 32 0.95
0143 64 64 32 32 0.83
0143 0 0 32 32 0.77
0143 48 240 32 32 0.72
0143 44 28 72 72 0.67
0143 0 192 32 32 0.62
0143 48 272 32 32 0.61
0143 64 160 32 32 0.60
0143 96 144 32 32 0.60
0143 128 160 32 32 0.57
0143 28 0 72 64 0.56
0143 0 0 96 96 0.54
0143 112 48 32 32 0.53
0144 144 32 32 32 0.84
0144 16 256 32 32 0.57
0144 304 144 32 32 0.53
0145 58 0 108 96 0.88
0145 16 320 32 32 0.72
0145 336 48 32 32 0.64
0145 272 48 32 32 0.64
0145 16 208 32 32 0.61
0145 80 144 32 32 0.57
0145 240 96 32 32 0.55
0145 272 176 32 32 0.54
0146 0 192 32 32 1.13
0146 16 176 32 32 1.02
0146 48 160 32 32 0.92
0146 16 288 32 32 0.87
0146 16 128 32 32 0.82
0146 32 256 32 32 0.80
0146 0 80 32 32 0.74
0146 224 288 32 32 0.69
0146 32 320 32 32 0.68
0146 0 28 32 72 0.58
0146 32 0 32 32 0.55
0146 96 208 32 32 0.55
0146 32 64 32 32 0.51
0147 80 416 32 32 0.61
0147 96 32 32 32 0.58
0148 240 176 32 32 1.24
0148 96 224 32 32 1.02
0148 240 32 32 32 0.97
0148 32 160 32 32 0.94
0148 160 32 32 32 0.91
0148 144 80 32 32 0.88
0148 12 108 72 72 0.86
0148 144 112 32 32 0.83
0148 336 288 32 32 0.74
0148 192 208 32 32 0.71
0148 224 192 32 32 0.69
0148 176 64 32 32 0.66
0148 128 32 32 32 0.63
0148 96 336 32 32 0.60
0148 272 272 32 32 0.56
0148 272 48 32 32 0.55
0148 176 112 32 32 0.55
0148 0 0 64 32 0.53
0149 320 96 32 32 1.49
0149 144 112 32 32 0.88
0149 80 240 32 32 0.85
0149 64 160 32 32 0.69
0149 0 176 32 32 0.68
0149 44 44 72 72 0.65
0149 112 336 32 32 0.65
0149 0 108 32 72 0.56
0150 96 112 32 32 0.98
0150 0 26 96 108 0.95
0150 96 32 32 32 0.67
0150 240 384 32 32 0.60
0150 128 112 32 32 0.58
0151 288 320 32 32 0.54
0152 288 96 32 32 1.28
0152 112 16 32 32 0.98
0152 192 192 32 32 0.57
0152 128 384 32 32 0.55
0152 16 64 32 32 0.55
0152 128 160 32 32 0.51
0152 0 12 32 72 0.51
0152 112 64 32 32 0.50
0152 176 96 32 32 0.50
0153 112 176 32 32 1.17
0153 12 28 72 72 0.76
0153 176 0 32 32 0.65
0153 0 0 64 64 0.52
0154 0 26 32 108 1.31
0154 12 0 72 64 0.80
0154 0 352 32 32 0.77
0154 240 224 32 32 0.75
0154 44 28 72 72 0.61
0154 48 288 32 32 0.60
0154 12 124 72 72 0.52
0154 16 192 32 32 0.50
0155 144 80 32 32 1.01
0155 0 0 64 32 0.70
0155 80 16 32 32 0.68
0155 96 48 32 32 0.54
0155 112 384 32 32 0.53
0155 64 144 32 32 0.52
0156 112 32 32 32 0.89
0156 80 16 32 32 0.60
0157 144 160 32 32 0.50
0158 128 192 32 32 1.07
0158 12 76 72 72 0.93
0158 160 160 32 32 0.57
0158 208 304 32 32 0.55
0158 208 176 32 32 0.53
0159 128 128 32 32 1.05
0159 64 112 32 32 0.97
0159 160 64 32 32 0.72
0159 128 160 32 32 0.71
0159 208 160 32 32 0.53
0160 208 208 32 32 1.10
0160 320 320 32 32 0.71
0160 160 240 32 32 0.67
0160 160 336 32 32 0.63
0160 320 352 32 32 0.50
0161 128 176 32 32 1.25
0161 96 112 32 32 0.89
0161 28 60 72 72 0.89
0161 96 80 32 32 0.75
0161 32 240 32 32 0.68
0161 60 0 72 32 0.67
0161 96 368 32 32 0.60
0161 96 256 32 32 0.59
0161 240 16 32 32 0.57
0161 128 0 32 32 0.53
0161 0 0 96 32 0.53
0162 0 0 64 32 0.59
0162 144 160 32 32 0.57
0162 224 256 32 32 0.52
0162 144 112 32 32 0.52
0163 224 368 32 32 1.49
0163 224 336 32 32 0.81
0163 76 140 72 72 0.75
0163 10 42 108 108 0.70
0163 192 96 32 32 0.68
0163 112 96 32 32 0.63
0163 192 352 32 32 0.58
0163 272 368 32 32 0.57
0163 128 224 32 32 0.51
0164 92 124 72 72 1.02
0164 176 384 32 32 1.00
0164 80 16 32 32 0.94
0164 32 224 32 32 0.87
0164 0 336 32 32 0.86
0164 96 320 32 32 0.84
0164 128 16 32 32 0.76
0164 0 224 32 32 0.73
0164 0 124 32 72 0.66
0164 80 304 32 32 0.59
0164 60 0 72 32 0.56
0164 208 400 32 32 0.54
0164 192 16 32 32 0.51
0164 96 240 32 32 0.50
0165 48 416 32 32 1.08
0165 96 416 32 32 0.65
0165 112 80 32 32 0.58
0165 28 28 72 72 0.54
0165 128 144 32 32 0.51
0166 192 192 32 32 1.33
0166 80 0 32 32 0.72
0166 160 80 32 32 0.56
0166 64 128 32 32 0.56
0166 112 80 32 32 0.51
0167 96 208 32 32 0.68
0167 144 80 32 32 0.53
0168 160 128 32 32 0.87
0168 12 124 72 72 0.74
0168 128 176 32 32 0.60
0168 0 96 32 32 0.59
0168 10 26 108 108 0.55
0169 144 80 32 32 0.99
0169 96 80 32 32 0.82
0169 44 12 72 72 0.68
0169 144 224 32 32 0.66
0169 176 64 32 32 0.56
0169 10 10 108 108 0.55
0169 80 144 32 32 0.53
0170 96 224 32 32 1.26
0170 112 320 32 32 0.99
0170 64 256 32 32 0.92
0170 160 240 32 32 0.87
0170 112 176 32 32 0.76
0170 44 76 72 72 0.62
0170 144 336 32 32 0.58
0170 144 80 32 32 0.55
0171 10 9 108 110 0.72
0171 60 76 72 72 0.72
0171 288 208 32 32 0.60
0171 128 160 32 32 0.60
0171 176 32 32 32 0.56
0172 208 32 32 32 0.74
0172 112 112 32 32 0.69
0172 0 0 96 32 0.69
0172 112 64 32 32 0.67
0172 28 0 72 64 0.67
0172 176 96 32 32 0.65
0172 32 160 32 32 0.59
0172 0 128 32 32 0.50
0173 192 192 32 32 1.61
0173 48 368 32 32 0.88
0173 80 0 32 32 0.71
0173 42 42 108 108 0.67
0173 60 140 72 72 0.61
0173 224 224 32 32 0.55
0173 176 128 32 32 0.51
0174 0 0 64 96 0.72
0174 60 0 72 64 0.51
0175 10 0 108 32 0.87
0175 224 16 32 32 0.63
0176 48 112 32 32 0.93
0176 208 80 32 32 0.83
0176 64 16 32 32 0.77
0176 12 0 72 64 0.64
0176 288 256 32 32 0.63
0176 224 288 32 32 0.57
0176 48 176 32 32 0.54
0176 0 128 32 32 0.51
0176 0 96 32 32 0.50
0177 144 80 32 32 0.95
0177 32 160 32 32 0.80
0177 272 208 32 32 0.77
0177 12 108 72 72 0.77
0177 0 42 64 108 0.67
0177 112 208 32 32 0.62
0177 128 256 32 32 0.57
0177 112 400 32 32 0.54
0178 64 32 32 32 1.14
0178 240 112 32 32 1.13
0178 0 0 96 32 0.93
0178 80 16 32 32 0.81
0178 224 48 32 32 0.71
0178 32 208 32 32 0.61
0178 96 352 32 32 0.56
0178 80 48 32 32 0.51
0179 144 240 32 32 1.34
0179 48 32 32 32 0.78
0179 80 48 32 32 0.74
0179 128 224 32 32 0.70
0179 96 80 32 32 0.68
0179 192 256 32 32 0.64
0179 160 256 32 32 0.56
0179 96 32 32 32 0.56
0179 128 176 32 32 0.55
0180 80 0 32 32 1.04
0180 10 0 108 64 0.89
0180 224 368 32 32 0.75
0180 96 128 32 32 0.57
0180 60 44 72 72 0.54
0181 256 208 32 32 1.00
0181 256 128 32 32 0.87
0181 0 0 128 32 0.66
0181 288 224 32 32 0.54
0181 16 240 32 32 0.54
0181 288 96 32 32 0.51
0182 80 16 32 32 1.01
0182 160 224 32 32 0.80
0182 80 320 32 32 0.74
0182 144 64 32 32 0.71
0182 0 48 32 32 0.51
0183 0 0 32 32 0.85
0183 0 0 64 64 0.71
0183 144 176 32 32 0.69
0183 112 144 32 32 0.56
0183 112 48 32 32 0.55
0183 32 256 32 32 0.53
0184 176 48 32 32 0.81
0184 144 128 32 32 0.70
0184 208 64 32 32 0.59
0184 0 28 32 72 0.53
0185 112 208 32 32 0.99
0185 128 64 32 32 0.77
0185 304 48 32 32 0.67
0185 112 160 32 32 0.63
0185 96 0 32 32 0.61
0185 44 60 72 72 0.59
0185 208 336 32 32 0.55
0185 32 176 32 32 0.53
0185 192 304 32 32 0.52
0185 42 0 108 32 0.52
0185 160 0 32 32 0.51
0186 352 64 32 32 0.81
0186 48 0 32 32 0.63
0186 60 76 72 72 0.56
0186 96 16 32 32 0.56
0186 128 160 32 32 0.55
0186 128 96 32 32 0.52
0187 368 0 32 32 0.80
0187 240 0 32 32 0.75
0187 80 0 32 32 0.65
0187 400 80 32 32 0.62
0187 48 16 32 32 0.60
0187 80 32 32 32 0.60
0187 0 0 32 32 0.59
0187 256 48 32 32 0.57
0187 288 32 32 32 0.56
0187 192 16 32 32 0.55
0187 58 0 108 64 0.52
0188 112 32 32 32 1.19
0188 176 48 32 32 1.07
0188 112 240 32 32 0.80
0188 16 256 32 32 0.77
0188 16 160 32 32 0.74
0188 76 92 72 72 0.65
0188 96 208 32 32 0.62
0188 160 144 32 32 0.61
0188 44 28 72 72 0.59
0188 80 192 32 32 0.54
0188 176 80 32 32 0.54
0188 28 76 72 72 0.52
0189 0 0 64 32 1.08
0189 28 0 72 64 0.73
0189 48 224 32 32 0.59
0189 112 16 32 32 0.59
0189 112 240 32 32 0.54
0189 60 44 72 72 0.52
0190 240 96 32 32 0.71
0190 272 208 32 32 0.61
0190 208 144 32 32 0.60
0190 240 176 32 32 0.56
0190 128 64 32 32 0.52
0191 60 44 72 72 0.86
0191 128 224 32 32 0.74
0191 0 0 64 128 0.62
0191 176 0 32 32 0.60
0191 44 92 72 72 0.59
0191 92 0 72 32 0.52
0191 60 0 72 64 0.51
0192 16 32 32 32 1.51
0192 112 64 32 32 1.35
0192 48 128 32 32 1.06
0192 144 208 32 32 1.01
0192 44 0 72 64 0.82
0192 192 96 32 32 0.81
0192 32 192 32 32 0.81
0192 176 112 32 32 0.79
0192 240 208 32 32 0.73
0192 48 80 32 32 0.71
0192 64 160 32 32 0.70
0192 32 48 32 32 0.64
0192 32 160 32 32 0.63
0192 0 80 32 32 0.59
0192 400 272 32 32 0.58
0192 304 224 32 32 0.58
0192 144 80 32 32 0.57
0192 192 240 32 32 0.57
0192 256 176 32 32 0.55
0192 112 32 32 32 0.53
0192 96 208 32 32 0.52
0193 96 96 32 32 0.56
0194 208 256 32 32 1.20
0194 32 304 32 32 0.85
0194 16 96 32 32 0.74
0194 128 256 32 32 0.56
0194 192 96 32 32 0.55
0194 0 108 64 72 0.54
0194 64 16 32 32 0.53
0195 400 192 32 32 1.22
0195 176 48 32 32 1.15
0195 0 0 32 64 1.04
0195 0 176 32 32 1.04
0195 240 256 32 32 0.95
0195 12 0 72 32 0.93
0195 272 128 32 32 0.88
0195 240 192 32 32 0.87
0195 256 224 32 32 0.86
0195 48 48 32 32 0.84
0195 176 96 32 32 0.82
0195 96 80 32 32 0.80
0195 0 112 32 32 0.76
0195 64 64 32 32 0.72
0195 26 0 108 64 0.72
0195 92 12 72 72 0.70
0195 272 32 32 32 0.70
0195 272 240 32 32 0.70
0195 208 32 32 32 0.70
0195 256 160 32 32 0.56
0195 12 76 72 72 0.53
0195 256 80 32 32 0.50
0196 192 160 32 32 0.98
0196 256 0 32 32 0.91
0196 224 16 32 32 0.78
0196 160 80 32 32 0.77
0196 192 0 32 32 0.67
0196 76 60 72 72 0.65
0196 416 240 32 32 0.64
0196 160 128 32 32 0.54
0197 28 0 72 64 0.59
0197 240 368 32 32 0.51
0198 192 80 32 32 1.06
0198 60 44 72 72 0.84
0198 128 96 32 32 0.80
0198 96 144 32 32 0.77
0198 160 224 32 32 0.57
0198 208 160 32 32 0.53
0198 272 240 32 32 0.52
0199 32 160 32 32 0.94
0199 0 76 64 72 0.74
0199 10 0 108 64 0.73
0199 288 240 32 32 0.70
0199 416 304 32 32 0.69
0200 128 400 32 32 1.20
0200 76 92 72 72 0.98
0200 16 192 32 32 0.73
0200 44 60 72 72 0.62
0200 32 304 32 32 0.56
0201 80 16 32 32 0.95
0201 0 0 64 32 0.81
0201 112 32 32 32 0.81
0201 60 44 72 72 0.68
0201 208 32 32 32 0.67
0201 336 208 32 32 0.59
0201 128 128 32 32 0.52
0201 0 0 96 64 0.52
0202 256 192 32 32 0.61
0202 0 0 64 64 0.59
0203 0 0 64 32 0.81
0204 144 192 32 32 0.98
0204 96 0 32 32 0.90
0204 0 0 96 32 0.71
0204 144 0 32 32 0.70
0204 32 176 32 32 0.69
0204 80 256 32 32 0.60
0204 64 224 32 32 0.55
0204 96 368 32 32 0.51
0205 80 288 32 32 1.12
0205 96 304 32 32 0.76
0205 128 16 32 32 0.71
0205 48 192 32 32 0.51
0205 0 26 96 108 0.51
0206 16 304 32 32 1.23
0206 80 256 32 32 1.04
0206 48 32 32 32 0.82
0206 60 28 72 72 0.81
0206 400 176 32 32 0.69
0206 128 80 32 32 0.66
0206 48 160 32 32 0.66
0206 416 288 32 32 0.65
0206 96 240 32 32 0.61
0206 10 0 108 96 0.60
0206 48 272 32 32 0.52
0206 128 224 32 32 0.51
0206 16 256 32 32 0.50
0207 16 96 32 32 0.70
0207 80 128 32 32 0.63
0207 0 60 32 72 0.63
0207 320 208 32 32 0.60
0207 48 288 32 32 0.57
0207 0 42 96 108 0.57
0207 0 0 64 32 0.57
0207 240 32 32 32 0.53
0208 400 0 32 32 0.66
0208 96 96 32 32 0.60
0208 416 96 32 32 0.57
0208 28 0 72 64 0.54
0208 256 128 32 32 0.52
0208 10 10 108 108 0.52
0208 384 272 32 32 0.51
0209 128 160 32 32 0.80
0209 112 16 32 32 0.71
0209 128 0 32 32 0.69
0209 80 80 32 32 0.67
0209 0 0 32 32 0.66
0209 80 256 32 32 0.58
0209 272 112 32 32 0.57
0209 48 176 32 32 0.51
0210 240 224 32 32 1.24
0210 140 124 72 72 1.12
0210 272 320 32 32 0.98
0210 304 176 32 32 0.79
0210 176 208 32 32 0.72
0210 208 192 32 32 0.63
0210 0 48 32 32 0.61
0210 80 304 32 32 0.59
0210 176 64 32 32 0.53
0210 304 336 32 32 0.50
0211 256 48 32 32 1.31
0211 0 320 32 32 0.96
0211 240 80 32 32 0.82
0211 160 96 32 32 0.68
0211 112 112 32 32 0.58
0212 0 44 64 72 1.20
0212 240 160 32 32 1.15
0212 96 208 32 32 0.98
0212 48 144 32 32 0.88
0212 304 320 32 32 0.71
0212 0 0 96 96 0.71
0212 80 96 32 32 0.71
0212 32 112 32 32 0.70
0212 96 16 32 32 0.66
0212 96 112 32 32 0.64
0212 144 176 32 32 0.62
0212 240 384 32 32 0.50
0212 304 160 32 32 0.50
0213 64 192 32 32 1.27
0213 0 0 64 64 0.99
0213 48 144 32 32 0.95
0213 96 256 32 32 0.69
0213 272 320 32 32 0.59
0213 256 176 32 32 0.58
0214 144 192 32 32 0.51
0214 192 160 32 32 0.51
0215 0 26 32 108 0.74
0215 16 176 32 32 0.61
0215 60 60 72 72 0.60
0215 160 416 32 32 0.57
0216 112 48 32 32 1.32
0216 0 26 32 108 1.29
0216 224 320 32 32 1.11
0216 16 320 32 32 0.95
0216 80 32 32 32 0.94
0216 28 0 72 64 0.93
0216 44 92 72 72 0.86
0216 96 176 32 32 0.75
0216 16 208 32 32 0.73
0216 144 32 32 32 0.70
0216 96 80 32 32 0.69
0216 112 96 32 32 0.66
0216 112 160 32 32 0.66
0216 0 76 64 72 0.63
0216 48 272 32 32 0.59
0216 208 352 32 32 0.53
0216 176 32 32 32 0.51
0216 96 16 32 32 0.51
0216 64 304 32 32 0.50
0217 400 272 32 32 0.83
0217 64 384 32 32 0.70
0217 16 352 32 32 0.64
0217 12 44 72 72 0.63
0217 240 224 32 32 0.53
0217 48 320 32 32 0.52
0218 32 208 32 32 1.02
0218 0 0 32 64 0.92
0218 0 124 64 72 0.80
0218 112 64 32 32 0.78
0218 160 16 32 32 0.71
0218 128 0 32 32 0.67
0218 32 352 32 32 0.57
0218 192 16 32 32 0.57
0218 44 60 72 72 0.55
0218 32 240 32 32 0.51
0219 80 32 32 32 0.83
0219 208 32 32 32 0.82
0219 0 0 96 32 0.76
0219 128 0 32 32 0.59
0219 0 58 64 108 0.57
0219 176 224 32 32 0.54
0219 96 96 32 32 0.53
0220 176 160 32 32 1.00
0220 44 44 72 72 0.85
0220 80 208 32 32 0.73
0220 128 272 32 32 0.70
0220 144 64 32 32 0.67
0220 80 240 32 32 0.65
0220 128 48 32 32 0.62
0220 28 140 72 72 0.60
0221 0 0 64 32 1.52
0221 12 0 72 64 1.15
0221 44 92 72 72 0.98
0221 0 384 32 32 0.92
0221 48 240 32 32 0.66
0221 112 16 32 32 0.63
0221 60 44 72 72 0.53
0221 96 160 32 32 0.53
0222 112 192 32 32 1.28
0222 64 48 32 32 0.75
0222 128 160 32 32 0.73
0222 0 160 32 32 0.66
0222 0 112 32 32 0.66
0222 144 144 32 32 0.61
0222 16 192 32 32 0.58
0222 208 224 32 32 0.56
0222 208 416 32 32 0.51
0223 208 128 32 32 1.32
0223 144 48 32 32 0.79
0223 76 108 72 72 0.79
0223 192 352 32 32 0.67
0223 144 112 32 32 0.57
0223 16 192 32 32 0.56
0223 0 0 64 96 0.51
0224 80 64 32 32 0.96
0224 128 32 32 32 0.94
0224 28 12 72 72 0.73
0224 240 160 32 32 0.55
0224 48 400 32 32 0.52
0225 112 32 32 32 1.19
0225 192 384 32 32 0.83
0225 128 256 32 32 0.78
0225 112 0 32 32 0.73
0225 0 0 64 32 0.58
0225 80 16 32 32 0.56
0225 12 44 72 72 0.56
0225 144 208 32 32 0.54
0225 28 0 72 64 0.52
0225 16 224 32 32 0.52
0226 208 144 32 32 1.02
0226 256 160 32 32 0.96
0226 144 144 32 32 0.77
0226 192 368 32 32 0.51
0227 12 76 72 72 1.27
0227 76 0 72 32 0.77
0227 128 16 32 32 0.73
0227 160 224 32 32 0.70
0227 128 208 32 32 0.61
0227 26 0 108 64 0.60
0228 112 400 32 32 0.83
0228 96 0 32 32 0.82
0228 160 0 32 32 0.67
0229 192 176 32 32 1.23
0229 80 80 32 32 0.83
0229 128 128 32 32 0.77
0229 144 256 32 32 0.70
0229 144 80 32 32 0.59
0229 208 80 32 32 0.57
0229 96 176 32 32 0.51
0230 0 208 32 32 0.64
0230 128 32 32 32 0.58
0231 96 16 32 32 1.11
0232 64 144 32 32 1.04
0232 0 304 32 32 0.95
0232 32 96 32 32 0.89
0232 0 28 64 72 0.82
0232 112 416 32 32 0.65
0232 208 144 32 32 0.56
0232 128 64 32 32 0.54
0232 64 368 32 32 0.53
0232 0 192 32 32 0.51
0233 28 12 72 72 1.06
0233 112 32 32 32 0.71
0233 128 64 32 32 0.66
0233 96 192 32 32 0.65
0233 0 48 32 32 0.64
0233 128 96 32 32 0.62
0234 192 160 32 32 0.88
0234 192 64 32 32 0.83
0235 0 0 96 64 0.85
0235 96 0 32 32 0.70
0235 144 16 32 32 0.69
0235 0 92 64 72 0.59
0235 64 144 32 32 0.56
0235 128 144 32 32 0.55
0236 144 128 32 32 0.74
0236 64 400 32 32 0.66
0236 288 320 32 32 0.51
0237 144 400 32 32 1.06
0237 272 0 32 32 1.04
0237 0 0 64 32 0.97
0237 44 0 72 32 0.85
0237 128 192 32 32 0.60
0237 48 32 32 32 0.54
0237 128 16 32 32 0.54
0237 272 400 32 32 0.53
0238 12 12 72 72 0.88
0238 128 16 32 32 0.76
0238 96 112 32 32 0.65
0238 320 192 32 32 0.65
0239 128 304 32 32 1.31
0239 32 176 32 32 1.27
0239 352 288 32 32 1.14
0239 0 192 32 32 1.04
0239 96 16 32 32 0.95
0239 32 224 32 32 0.91
0239 0 0 96 32 0.78
0239 60 60 72 72 0.75
0239 64 160 32 32 0.68
0239 10 10 108 108 0.67
0239 160 64 32 32 0.59
0239 192 0 32 32 0.58
0239 16 288 32 32 0.54
0239 144 32 32 32 0.53
0239 96 288 32 32 0.51
0239 128 128 32 32 0.51
0240 16 128 32 32 1.09
0240 0 0 96 32 0.78
0240 32 208 32 32 0.65
0241 0 32 32 32 1.47
0241 76 140 72 72 1.01
0241 48 16 32 32 0.74
0241 240 352 32 32 0.71
0241 144 256 32 32 0.66
0241 112 384 32 32 0.64
0241 272 368 32 32 0.61
0241 0 0 64 32 0.61
0241 0 128 32 32 0.53
0242 208 16 32 32 1.37
0242 208 112 32 32 0.69
0242 320 96 32 32 0.55
0242 368 256 32 32 0.52
0242 352 128 32 32 0.50
0243 32 32 32 32 1.18
0243 0 256 32 32 0.99
0243 32 0 32 32 0.92
0243 160 160 32 32 0.90
0243 32 64 32 32 0.83
0243 0 288 32 32 0.81
0243 80 16 32 32 0.65
0243 0 42 96 108 0.62
0243 10 0 108 32 0.54
0243 44 108 72 72 0.51
0244 32 224 32 32 0.80
0244 64 48 32 32 0.76
0244 16 320 32 32 0.63
0244 176 416 32 32 0.63
0244 0 0 96 32 0.62
0244 64 144 32 32 0.61
0244 240 32 32 32 0.60
0244 208 48 32 32 0.58
0244 76 140 72 72 0.57
0244 192 400 32 32 0.57
0244 12 60 72 72 0.54
0244 112 0 32 32 0.50
0245 48 208 32 32 0.63
0245 176 16 32 32 0.61
0245 208 224 32 32 0.51
0246 240 416 32 32 0.98
0246 240 176 32 32 0.94
0246 256 16 32 32 0.94
0246 336 352 32 32 0.88
0246 48 416 32 32 0.86
0246 400 0 32 32 0.81
0246 336 288 32 32 0.77
0246 320 368 32 32 0.71
0246 96 384 32 32 0.71
0246 272 48 32 32 0.64
0246 304 384 32 32 0.62
0246 96 336 32 32 0.61
0246 224 192 32 32 0.61
0246 48 384 32 32 0.61
0246 144 64 32 32 0.58
0246 96 208 32 32 0.57
0246 256 160 32 32 0.52
0247 80 0 32 32 1.07
0247 0 256 32 32 0.91
0247 32 240 32 32 0.90
0247 112 96 32 32 0.87
0247 12 44 72 72 0.77
0247 128 48 32 32 0.68
0247 176 384 32 32 0.66
0247 112 128 32 32 0.66
0247 192 0 32 32 0.63
0247 64 32 32 32 0.62
0247 0 140 64 72 0.61
0247 112 240 32 32 0.55
0247 80 416 32 32 0.52
0247 16 0 32 32 0.52
0247 112 160 32 32 0.51
0248 64 256 32 32 1.00
0248 0 0 64 32 0.79
0248 96 160 32 32 0.65
0248 0 48 32 32 0.65
0248 160 352 32 32 0.64
0248 28 76 72 72 0.55
0248 112 96 32 32 0.50
0249 16 80 32 32 0.99
0249 48 128 32 32 0.96
0249 0 10 32 108 0.94
0249 16 112 32 32 0.87
0249 0 176 32 32 0.76
0249 128 144 32 32 0.64
0249 224 176 32 32 0.56
0249 16 144 32 32 0.55
0249 0 60 64 72 0.50
0250 64 144 32 32 2.15
0250 108 44 72 72 0.98
0250 320 16 32 32 0.69
0250 32 368 32 32 0.69
0250 0 0 32 32 0.69
0250 352 416 32 32 0.66
0250 0 10 32 108 0.62
0250 352 224 32 32 0.61
0250 176 80 32 32 0.58
0250 208 48 32 32 0.56
0250 320 384 32 32 0.56
0250 96 224 32 32 0.53
0250 352 288 32 32 0.52
0250 48 176 32 32 0.52
0250 32 112 32 32 0.51
0251 224 320 32 32 0.96
0251 0 0 96 64 0.80
0251 28 140 72 72 0.75
0251 112 64 32 32 0.69
0251 16 384 32 32 0.58
0251 144 208 32 32 0.57
0251 192 208 32 32 0.51
0251 32 240 32 32 0.51
0252 112 368 32 32 1.02
0252 64 240 32 32 1.00
0252 80 96 32 32 0.87
0252 28 44 72 72 0.85
0252 80 144 32 32 0.79
0252 112 80 32 32 0.66
0252 0 108 64 72 0.65
0252 160 96 32 32 0.65
0252 128 224 32 32 0.60
0252 128 0 32 32 0.56
0252 144 176 32 32 0.55
0253 336 208 32 32 1.28
0253 44 12 72 72 0.75
0253 96 80 32 32 0.69
0253 92 0 72 32 0.60
0253 176 0 32 32 0.53
0254 128 16 32 32 1.23
0254 0 76 32 72 0.90
0254 16 144 32 32 0.85
0254 32 128 32 32 0.77
0254 44 0 72 32 0.71
0254 0 0 32 128 0.70
0254 0 58 64 108 0.66
0254 96 48 32 32 0.62
0254 208 80 32 32 0.61
0254 160 128 32 32 0.59
0254 48 256 32 32 0.55
0254 96 384 32 32 0.55
0254 112 32 32 32 0.55
0254 0 336 32 32 0.55
0254 240 208 32 32 0.53
0254 64 368 32 32 0.51
0255 224 32 32 32 1.00
0255 160 32 32 32 0.98
0255 26 0 108 64 0.91
0255 0 208 32 32 0.62
0255 64 64 32 32 0.59
0255 176 320 32 32 0.57
0255 80 224 32 32 0.55
0255 304 368 32 32 0.53
0256 96 112 32 32 0.75
0256 192 96 32 32 0.70
0256 64 416 32 32 0.69
0256 144 96 32 32 0.68
0256 44 28 72 72 0.65
0256 92 76 72 72 0.58
0256 12 12 72 72 0.52
0257 48 16 32 32 1.55
0257 64 32 32 32 1.38
0257 80 0 32 32 1.20
0257 144 128 32 32 1.15
0257 144 48 32 32 1.09
0257 272 32 32 32 1.04
0257 160 32 32 32 0.93
0257 128 64 32 32 0.77
0257 12 0 72 32 0.74
0257 96 16 32 32 0.72
0257 76 60 72 72 0.69
0257 192 64 32 32 0.61
0257 80 272 32 32 0.59
0258 224 336 32 32 1.45
0258 224 192 32 32 1.07
0258 320 272 32 32 1.01
0258 208 80 32 32 0.86
0258 0 0 32 32 0.76
0258 124 108 72 72 0.74
0258 352 64 32 32 0.72
0258 192 240 32 32 0.70
0258 32 16 32 32 0.63
0258 400 192 32 32 0.57
0258 48 0 32 32 0.57
0258 208 176 32 32 0.57
0258 12 0 72 32 0.56
0258 0 176 32 32 0.54
0258 272 208 32 32 0.52
0258 224 32 32 32 0.52
0259 224 368 32 32 1.27
0259 144 32 32 32 1.15
0259 240 336 32 32 1.00
0259 224 48 32 32 0.91
0259 272 320 32 32 0.88
0259 80 64 32 32 0.88
0259 160 224 32 32 0.83
0259 176 288 32 32 0.72
0259 224 304 32 32 0.62
0259 76 0 72 64 0.61
0259 272 352 32 32 0.60
0259 25 26 110 108 0.57
0260 144 16 32 32 1.12
0260 208 128 32 32 0.95
0260 304 144 32 32 0.93
0260 256 96 32 32 0.87
0260 108 60 72 72 0.81
0260 192 96 32 32 0.73
0260 384 128 32 32 0.65
0260 48 64 32 32 0.63
0260 224 32 32 32 0.59
0260 400 48 32 32 0.59
0260 176 32 32 32 0.57
0260 192 48 32 32 0.57
0260 64 128 32 32 0.56
0260 320 224 32 32 0.55
0260 28 60 72 72 0.55
0260 240 80 32 32 0.53
0260 384 208 32 32 0.52
0260 304 256 32 32 0.51
0260 336 32 32 32 0.50
0261 112 272 32 32 1.17
0261 60 76 72 72 0.78
0261 112 128 32 32 0.63
0261 128 160 32 32 0.61
0261 10 10 108 108 0.61
0261 48 128 32 32 0.61
0261 64 320 32 32 0.55
0262 96 256 32 32 0.99
0262 44 12 72 72 0.85
0262 112 160 32 32 0.77
0262 12 92 72 72 0.67
0262 48 272 32 32 0.63
0262 0 76 32 72 0.59
0262 0 192 32 32 0.58
0262 44 76 72 72 0.57
0262 92 108 72 72 0.55
0262 144 272 32 32 0.53
0263 224 64 32 32 1.16
0263 26 0 108 64 0.79
0263 48 176 32 32 0.72
0263 48 288 32 32 0.69
0263 160 160 32 32 0.67
0263 368 160 32 32 0.67
0263 96 176 32 32 0.64
0263 160 80 32 32 0.58
0263 160 0 32 32 0.58
0263 208 144 32 32 0.56
0263 96 112 32 32 0.53
0263 64 80 32 32 0.53
0264 16 128 32 32 1.12
0264 16 208 32 32 0.89
0264 144 96 32 32 0.86
0264 32 192 32 32 0.84
0264 64 208 32 32 0.77
0264 192 240 32 32 0.74
0264 92 44 72 72 0.73
0264 304 352 32 32 0.69
0264 16 96 32 32 0.68
0264 96 320 32 32 0.66
0264 26 0 108 96 0.64
0264 192 32 32 32 0.62
0264 192 128 32 32 0.62
0264 0 144 32 32 0.58
0264 0 60 64 72 0.57
0264 288 336 32 32 0.56
0264 48 160 32 32 0.53
0264 160 64 32 32 0.53
0265 416 96 32 32 1.03
0265 16 208 32 32 0.95
0265 16 256 32 32 0.59
0265 224 64 32 32 0.57
0266 64 64 32 32 1.10
0266 96 16 32 32 1.05
0266 336 256 32 32 0.88
0266 304 80 32 32 0.83
0266 384 0 32 32 0.77
0266 176 32 32 32 0.76
0266 112 208 32 32 0.65
0266 304 32 32 32 0.62
0266 352 128 32 32 0.61
0266 368 240 32 32 0.59
0266 44 28 72 72 0.58
0266 32 192 32 32 0.58
0266 352 16 32 32 0.56
0266 92 76 72 72 0.56
0267 80 384 32 32 0.79
0267 64 176 32 32 0.73
0267 160 304 32 32 0.68
0267 224 128 32 32 0.63
0267 64 64 32 32 0.61
0267 96 96 32 32 0.53
0268 32 128 32 32 1.13
0268 176 144 32 32 0.98
0268 16 80 32 32 0.92
0268 0 28 32 72 0.78
0268 96 272 32 32 0.61
0268 0 128 32 32 0.61
0268 240 96 32 32 0.59
0268 48 64 32 32 0.56
0268 192 96 32 32 0.55
0268 112 240 32 32 0.54
0268 144 272 32 32 0.53
0268 128 96 32 32 0.51
0269 32 160 32 32 0.85
0269 160 80 32 32 0.62
0270 16 208 32 32 0.97
0270 128 176 32 32 0.85
0270 128 32 32 32 0.83
0270 176 16 32 32 0.66
0270 144 64 32 32 0.63
0270 48 112 32 32 0.62
0270 32 128 32 32 0.56
0270 112 64 32 32 0.54
0271 112 144 32 32 1.95
0271 60 0 72 32 0.73
0271 32 208 32 32 0.59
0271 0 0 32 32 0.57
0272 64 176 32 32 1.47
0272 0 28 64 72 0.83
0272 16 272 32 32 0.81
0272 28 0 72 64 0.66
0272 16 400 32 32 0.60
0273 256 352 32 32 0.84
0273 0 0 64 32 0.82
0273 48 256 32 32 0.79
0273 64 32 32 32 0.61
0273 160 96 32 32 0.61
0273 288 368 32 32 0.61
0273 0 208 32 32 0.60
0273 64 320 32 32 0.57
0273 92 124 72 72 0.55
0273 240 16 32 32 0.51
0273 32 304 32 32 0.51
0273 144 0 32 32 0.51
0274 0 0 32 32 1.77
0274 192 0 32 32 1.19
0274 32 64 32 32 1.01
0274 108 140 72 72 0.92
0274 32 32 32 32 0.85
0274 0 12 32 72 0.82
0274 0 0 64 64 0.74
0274 48 96 32 32 0.71
0274 112 256 32 32 0.71
0274 256 112 32 32 0.69
0274 288 0 32 32 0.66
0274 256 32 32 32 0.64
0274 128 112 32 32 0.62
0274 288 336 32 32 0.61
0274 64 80 32 32 0.58
0274 304 112 32 32 0.57
0274 28 12 72 72 0.56
0274 0 96 32 32 0.55
0274 92 0 72 64 0.53
0274 44 140 72 72 0.51
0275 80 112 32 32 1.09
0275 0 10 96 108 0.99
0275 176 48 32 32 0.97
0275 112 176 32 32 0.83
0275 160 160 32 32 0.66
0275 16 192 32 32 0.66
0275 144 128 32 32 0.60
0275 64 400 32 32 0.60
0275 64 224 32 32 0.60
0275 0 208 32 32 0.57
0275 48 192 32 32 0.57
0275 256 400 32 32 0.54
0275 32 304 32 32 0.54
0275 368 144 32 32 0.53
0275 112 144 32 32 0.52
0276 16 384 32 32 1.18
0276 0 0 64 64 0.95
0276 144 112 32 32 0.94
0276 60 108 72 72 0.76
0276 192 240 32 32 0.74
0276 0 10 96 108 0.61
0276 80 368 32 32 0.59
0276 0 240 32 32 0.59
0276 16 256 32 32 0.58
0276 128 192 32 32 0.58
0276 160 176 32 32 0.55
0276 272 352 32 32 0.54
0276 224 288 32 32 0.50
0277 80 0 32 32 1.35
0277 32 352 32 32 1.27
0277 144 0 32 32 0.89
0277 144 416 32 32 0.88
0277 48 0 32 32 0.86
0277 0 58 96 108 0.82
0277 28 140 72 72 0.80
0277 240 320 32 32 0.64
0277 16 224 32 32 0.63
0277 160 240 32 32 0.60
0277 60 0 72 64 0.57
0277 176 128 32 32 0.53
0278 352 272 32 32 1.10
0278 336 256 32 32 0.98
0278 16 256 32 32 0.83
0278 224 176 32 32 0.82
0278 160 80 32 32 0.80
0278 0 0 64 32 0.75
0278 208 96 32 32 0.74
0278 256 192 32 32 0.67
0278 192 192 32 32 0.53
0279 128 48 32 32 0.94
0279 0 0 32 64 0.84
0279 176 400 32 32 0.76
0279 44 0 72 64 0.74
0279 28 60 72 72 0.73
0279 208 384 32 32 0.66
0279 0 42 64 108 0.63
0279 128 96 32 32 0.61
0279 128 240 32 32 0.58
0279 256 176 32 32 0.57
0279 12 108 72 72 0.56
0279 0 10 96 108 0.55
0279 64 400 32 32 0.51
0280 32 80 32 32 0.59
0280 96 224 32 32 0.54
0280 160 240 32 32 0.50
0281 76 28 72 72 0.71
0281 208 80 32 32 0.67
0281 144 80 32 32 0.63
0281 192 16 32 32 0.51
0282 64 16 32 32 1.98
0282 12 0 72 64 1.39
0282 0 26 96 108 1.00
0282 112 32 32 32 0.96
0282 96 0 32 32 0.96
0282 64 240 32 32 0.74
0282 0 240 32 32 0.60
0282 288 224 32 32 0.53
0282 144 272 32 32 0.52
0282 160 32 32 32 0.51
0283 96 304 32 32 0.61
0283 80 64 32 32 0.58
0283 28 28 72 72 0.52
0283 16 192 32 32 0.50
0285 96 128 32 32 1.19
0285 80 16 32 32 0.99
0285 112 0 32 32 0.70
0285 28 0 72 64 0.56
0285 80 64 32 32 0.52
0285 192 224 32 32 0.52
0285 16 192 32 32 0.51
0285 160 176 32 32 0.51
0286 48 0 32 32 0.85
0286 96 96 32 32 0.70
0286 64 64 32 32 0.66
0286 0 0 64 32 0.66
0286 96 128 32 32 0.56
0287 0 0 96 32 1.05
0287 112 64 32 32 0.67
0287 160 16 32 32 0.53
0288 80 256 32 32 0.87
0288 48 160 32 32 0.68
0288 304 80 32 32 0.64
0288 336 96 32 32 0.63
0288 208 48 32 32 0.60
0288 352 112 32 32 0.55
0288 160 176 32 32 0.55
0288 144 256 32 32 0.54
0288 144 112 32 32 0.50
0289 144 208 32 32 1.03
0289 272 144 32 32 0.77
0289 240 48 32 32 0.53
0290 80 160 32 32 1.09
0290 60 44 72 72 0.80
0290 160 160 32 32 0.61
0290 64 240 32 32 0.54
0291 16 192 32 32 1.57
0291 32 256 32 32 1.21
0291 16 160 32 32 1.08
0291 0 108 32 72 1.00
0291 128 208 32 32 0.92
0291 16 304 32 32 0.90
0291 96 64 32 32 0.84
0291 48 48 32 32 0.79
0291 176 352 32 32 0.70
0291 48 16 32 32 0.63
0291 76 140 72 72 0.56
0291 48 224 32 32 0.54
0291 0 0 96 96 0.52
0291 208 368 32 32 0.51
0292 160 48 32 32 0.73
0292 208 368 32 32 0.50
0293 80 96 32 32 0.66
0293 80 64 32 32 0.60
0294 96 48 32 32 1.04
0294 28 0 72 64 0.69
0294 64 80 32 32 0.59
0294 112 96 32 32 0.59
0294 128 48 32 32 0.57
0294 320 96 32 32 0.52
0294 48 96 32 32 0.50
0295 64 64 32 32 1.03
0295 128 336 32 32 0.63
0295 48 32 32 32 0.57
0295 32 96 32 32 0.53
0296 112 144 32 32 0.69
0296 304 64 32 32 0.68
0296 144 192 32 32 0.64
0296 26 26 108 108 0.52
0296 112 368 32 32 0.50
0297 128 176 32 32 0.97
0297 80 256 32 32 0.88
0297 76 124 72 72 0.67
0297 32 144 32 32 0.58
0298 128 16 32 32 0.70
0298 128 224 32 32 0.58
0298 192 16 32 32 0.56
0299 256 144 32 32 1.42
0299 32 144 32 32 1.09
0299 64 208 32 32 0.98
0299 112 160 32 32 0.96
0299 256 32 32 32 0.90
0299 16 0 32 32 0.77
0299 16 112 32 32 0.76
0299 336 176 32 32 0.75
0299 80 0 32 32 0.75
0299 0 128 32 32 0.68
0299 64 368 32 32 0.68
0299 336 112 32 32 0.62
0299 64 112 32 32 0.60
0299 10 0 108 32 0.60
0299 32 48 32 32 0.59
0299 208 48 32 32 0.57
0299 272 80 32 32 0.55
0299 304 64 32 32 0.54
0299 96 192 32 32 0.53
0300 48 176 32 32 0.81
0300 128 32 32 32 0.81
0300 144 96 32 32 0.73
0300 80 384 32 32 0.64
0300 16 416 32 32 0.52
0301 0 0 64 32 1.02
0301 12 0 72 64 0.92
0301 28 76 72 72 0.80
0301 0 60 32 72 0.75
0301 256 336 32 32 0.63
0301 48 192 32 32 0.56
0301 144 384 32 32 0.55
0301 16 128 32 32 0.52
0302 128 32 32 32 1.26
0302 64 48 32 32 0.93
0302 0 368 32 32 0.83
0302 0 400 32 32 0.82
0302 12 140 72 72 0.80
0302 0 256 32 32 0.76
0302 48 0 32 32 0.75
0302 48 64 32 32 0.72
0302 96 96 32 32 0.66
0302 0 58 64 108 0.64
0302 128 0 32 32 0.62
0302 160 400 32 32 0.62
0302 0 0 64 96 0.61
0302 80 16 32 32 0.59
0302 256 368 32 32 0.56
0302 80 112 32 32 0.54
0302 32 320 32 32 0.50
0303 112 80 32 32 0.58
0303 176 48 32 32 0.53
0303 128 48 32 32 0.53
0303 160 64 32 32 0.52
0304 128 48 32 32 0.72
0304 208 80 32 32 0.69
0304 144 16 32 32 0.63
0304 256 80 32 32 0.60
0304 60 0 72 32 0.58
0304 416 64 32 32 0.52
0305 92 12 72 72 1.15
0305 0 16 32 32 0.96
0305 0 0 64 32 0.89
0305 44 108 72 72 0.69
0305 26 58 108 108 0.67
0306 144 0 32 32 1.30
0306 192 112 32 32 1.00
0306 128 16 32 32 0.86
0306 304 128 32 32 0.81
0306 108 44 72 72 0.78
0306 320 160 32 32 0.74
0306 0 10 64 108 0.62
0306 320 80 32 32 0.57
0306 76 0 72 32 0.55
0306 64 192 32 32 0.54
0306 48 128 32 32 0.53
0306 144 192 32 32 0.51
0306 208 48 32 32 0.50
0307 192 208 32 32 0.92
0307 272 128 32 32 0.78
0307 224 80 32 32 0.63
0307 96 160 32 32 0.55
0307 160 128 32 32 0.51
0308 32 208 32 32 0.91
0308 0 124 64 72 0.81
0308 96 208 32 32 0.69
0308 0 9 64 110 0.67
0308 80 128 32 32 0.64
0308 60 124 72 72 0.58
0308 192 272 32 32 0.57
0308 96 288 32 32 0.53
0309 80 240 32 32 1.13
0309 64 400 32 32 1.03
0309 0 92 64 72 0.93
0309 96 416 32 32 0.89
0309 112 384 32 32 0.85
0309 144 400 32 32 0.79
0309 48 256 32 32 0.76
0309 160 224 32 32 0.67
0309 32 192 32 32 0.59
0309 192 240 32 32 0.58
0309 192 208 32 32 0.58
0309 48 288 32 32 0.56
0309 176 384 32 32 0.56
0310 96 64 32 32 0.86
0310 0 0 96 32 0.78
0310 0 28 64 72 0.71
0310 48 112 32 32 0.70
0310 128 64 32 32 0.60
0310 160 96 32 32 0.54
0310 80 128 32 32 0.51
0311 28 60 72 72 1.44
0311 176 128 32 32 0.87
0311 128 32 32 32 0.75
0311 60 0 72 64 0.65
0311 96 192 32 32 0.62
0312 96 96 32 32 1.19
0312 144 48 32 32 0.80
0312 368 128 32 32 0.77
0312 58 0 108 64 0.76
0312 176 240 32 32 0.72
0312 224 96 32 32 0.66
0312 96 176 32 32 0.57
0312 28 60 72 72 0.56
0312 240 80 32 32 0.56
0312 128 176 32 32 0.54
0312 128 240 32 32 0.54
0312 160 64 32 32 0.52
0312 240 256 32 32 0.52
0312 96 256 32 32 0.51
0313 124 108 72 72 0.82
0313 176 160 32 32 0.68
0313 192 144 32 32 0.53
0313 16 272 32 32 0.53
0314 112 304 32 32 0.92
0314 0 176 32 32 0.89
0314 12 76 72 72 0.64
0314 288 224 32 32 0.64
0314 0 208 32 32 0.62
0314 96 336 32 32 0.60
0314 64 160 32 32 0.57
0315 0 26 32 108 0.97
0315 144 0 32 32 0.82
0315 0 76 64 72 0.73
0315 224 16 32 32 0.68
0315 96 160 32 32 0.62
0315 0 0 64 32 0.54
0316 16 192 32 32 1.33
0316 28 44 72 72 0.84
0316 0 108 32 72 0.79
0316 0 288 32 32 0.68
0316 32 240 32 32 0.67
0316 32 288 32 32 0.66
0316 0 76 64 72 0.60
0316 48 256 32 32 0.58
0316 0 0 64 32 0.51
0317 0 0 64 32 0.83
0317 240 96 32 32 0.82
0317 96 240 32 32 0.80
0317 80 192 32 32 0.75
0317 224 144 32 32 0.74
0317 144 0 32 32 0.73
0317 12 0 72 64 0.72
0317 304 400 32 32 0.69
0317 80 304 32 32 0.63
0317 64 64 32 32 0.63
0317 224 16 32 32 0.62
0317 0 240 32 32 0.51
0317 48 96 32 32 0.51
0317 60 60 72 72 0.50
0318 64 80 32 32 0.82
0318 112 160 32 32 0.76
0318 208 304 32 32 0.67
0318 288 144 32 32 0.65
0318 256 208 32 32 0.61
0318 96 48 32 32 0.61
0318 192 96 32 32 0.61
0318 320 128 32 32 0.52
0318 176 304 32 32 0.50
0320 0 0 64 128 0.76
0320 176 176 32 32 0.69
0320 112 112 32 32 0.63
0320 272 320 32 32 0.51
0320 44 44 72 72 0.50
0321 12 140 72 72 1.15
0321 176 416 32 32 0.94
0321 208 96 32 32 0.79
0321 48 240 32 32 0.76
0321 208 160 32 32 0.59
0321 128 240 32 32 0.57
0321 80 368 32 32 0.53
0321 48 16 32 32 0.52
0321 16 336 32 32 0.51
0321 80 16 32 32 0.51
0322 272 352 32 32 1.37
0322 192 208 32 32 1.04
0322 240 368 32 32 0.85
0322 0 416 32 32 0.79
0322 80 16 32 32 0.79
0322 44 124 72 72 0.76
0322 64 256 32 32 0.75
0322 0 26 96 108 0.73
0322 16 256 32 32 0.72
0322 128 256 32 32 0.69
0322 16 400 32 32 0.68
0322 0 368 32 32 0.65
0322 176 352 32 32 0.63
0322 128 32 32 32 0.58
0322 128 224 32 32 0.56
0322 288 368 32 32 0.55
0322 192 368 32 32 0.55
0322 288 80 32 32 0.54
0322 208 384 32 32 0.54
0322 0 140 64 72 0.54
0322 32 320 32 32 0.53
0322 240 336 32 32 0.53
0323 0 144 32 32 1.40
0323 208 176 32 32 1.07
0323 64 112 32 32 0.95
0323 64 144 32 32 0.68
0323 64 208 32 32 0.67
0323 304 160 32 32 0.62
0323 112 144 32 32 0.52
0324 160 112 32 32 1.41
0324 144 16 32 32 0.67
0324 144 160 32 32 0.63
0324 256 176 32 32 0.54
0324 160 48 32 32 0.53
0324 176 0 32 32 0.52
0324 92 12 72 72 0.51
0325 128 96 32 32 0.96
0325 224 144 32 32 0.90
0325 192 144 32 32 0.83
0325 352 224 32 32 0.59
0325 128 128 32 32 0.58
0325 256 224 32 32 0.57
0326 144 64 32 32 0.96
0326 44 0 72 64 0.95
0326 0 224 32 32 0.91
0326 304 128 32 32 0.89
0326 0 92 32 72 0.75
0326 76 92 72 72 0.70
0326 0 16 32 32 0.56
0326 272 128 32 32 0.54
0326 416 272 32 32 0.54
0326 48 160 32 32 0.52
0326 240 160 32 32 0.51
0327 32 176 32 32 1.31
0327 0 92 32 72 1.10
0327 64 272 32 32 0.69
0327 96 16 32 32 0.67
0327 336 240 32 32 0.65
0327 160 208 32 32 0.57
0327 160 32 32 32 0.53
0327 16 352 32 32 0.50
0327 112 240 32 32 0.50
0328 44 12 72 72 0.99
0328 124 0 72 32 0.88
0328 64 176 32 32 0.84
0328 176 96 32 32 0.83
0328 48 240 32 32 0.81
0328 80 96 32 32 0.72
0328 92 60 72 72 0.70
0328 224 128 32 32 0.64
0328 160 192 32 32 0.63
0328 96 128 32 32 0.59
0328 144 224 32 32 0.57
0329 32 256 32 32 0.98
0329 0 416 32 32 0.78
0329 160 80 32 32 0.65
0329 96 48 32 32 0.63
0329 144 176 32 32 0.52
0330 0 0 64 128 1.10
0330 32 336 32 32 0.84
0330 112 384 32 32 0.84
0330 64 80 32 32 0.61
0330 64 336 32 32 0.56
0330 80 352 32 32 0.55
0330 44 76 72 72 0.52
0331 144 96 32 32 0.74
0331 176 64 32 32 0.72
0331 16 240 32 32 0.72
0331 320 416 32 32 0.66
0331 224 160 32 32 0.54
0331 0 96 32 32 0.54
0332 48 224 32 32 0.95
0332 240 144 32 32 0.88
0332 76 28 72 72 0.70
0332 240 192 32 32 0.62
0332 112 144 32 32 0.59
0332 176 112 32 32 0.58
0332 80 336 32 32 0.54
0332 160 192 32 32 0.50
0333 112 16 32 32 1.36
0333 28 0 72 64 1.16
0333 0 76 64 72 1.08
0333 64 208 32 32 0.99
0333 128 0 32 32 0.83
0333 32 144 32 32 0.78
0333 176 176 32 32 0.67
0333 144 16 32 32 0.60
0333 48 224 32 32 0.53
0333 112 144 32 32 0.52
0334 80 32 32 32 1.98
0334 160 80 32 32 1.05
0334 128 64 32 32 1.03
0334 16 0 32 32 0.97
0334 32 16 32 32 0.89
0334 80 64 32 32 0.87
0334 176 64 32 32 0.77
0334 208 176 32 32 0.74
0334 60 60 72 72 0.71
0334 0 44 64 72 0.70
0334 64 0 32 32 0.67
0334 0 0 64 64 0.64
0334 96 16 32 32 0.60
0334 112 32 32 32 0.59
0334 192 208 32 32 0.57
0334 124 140 72 72 0.53
0335 32 144 32 32 1.27
0335 0 10 32 108 1.12
0335 12 60 72 72 1.11
0335 32 176 32 32 1.06
0335 128 128 32 32 1.01
0335 60 0 72 32 0.94
0335 192 16 32 32 0.86
0335 108 0 72 64 0.85
0335 288 48 32 32 0.68
0335 112 240 32 32 0.66
0335 64 256 32 32 0.57
0335 224 176 32 32 0.55
0335 64 160 32 32 0.54
0335 32 240 32 32 0.53
0336 352 144 32 32 1.34
0336 256 80 32 32 1.22
0336 400 192 32 32 1.09
0336 384 208 32 32 1.03
0336 16 80 32 32 0.95
0336 124 12 72 72 0.84
0336 42 0 108 64 0.82
0336 224 64 32 32 0.76
0336 400 112 32 32 0.72
0336 64 144 32 32 0.70
0336 16 48 32 32 0.66
0336 416 64 32 32 0.56
0336 240 96 32 32 0.55
0336 240 160 32 32 0.55
0336 208 144 32 32 0.55
0336 64 112 32 32 0.54
0336 0 112 32 32 0.53
0337 288 256 32 32 1.93
0337 80 16 32 32 0.98
0337 28 0 72 32 0.82
0337 160 32 32 32 0.76
0337 42 0 108 96 0.61
0337 224 48 32 32 0.60
0337 108 44 72 72 0.57
0338 144 80 32 32 0.68
0338 76 0 72 64 0.59
0338 144 256 32 32 0.55
0339 176 352 32 32 1.92
0339 176 192 32 32 0.87
0339 26 58 108 108 0.85
0339 44 12 72 72 0.74
0339 160 0 32 32 0.71
0339 112 48 32 32 0.70
0339 92 108 72 72 0.66
0339 256 304 32 32 0.64
0339 160 208 32 32 0.62
0339 112 224 32 32 0.59
0339 0 0 64 32 0.58
0339 192 336 32 32 0.55
0339 144 368 32 32 0.55
0339 192 416 32 32 0.51
0340 192 336 32 32 1.21
0340 96 336 32 32 0.96
0340 176 352 32 32 0.77
0340 0 26 96 108 0.59
0341 160 352 32 32 0.76
0342 60 124 72 72 1.73
0342 12 124 72 72 0.88
0342 9 58 110 108 0.84
0342 0 0 96 64 0.75
0342 112 48 32 32 0.73
0342 304 256 32 32 0.71
0342 112 224 32 32 0.66
0342 128 96 32 32 0.63
0342 144 0 32 32 0.53
0342 108 92 72 72 0.52
0343 16 48 32 32 1.52
0343 128 80 32 32 1.39
0343 60 28 72 72 1.31
0343 80 0 32 32 1.07
0343 32 16 32 32 0.98
0343 128 288 32 32 0.76
0343 80 320 32 32 0.66
0343 44 124 72 72 0.60
0343 76 92 72 72 0.58
0343 48 336 32 32 0.57
0343 272 320 32 32 0.54
0343 0 0 96 64 0.54
0344 0 0 96 32 1.08
0344 144 192 32 32 0.79
0344 128 128 32 32 0.76
0344 128 224 32 32 0.64
0344 160 176 32 32 0.63
0344 176 16 32 32 0.58
0344 96 0 32 32 0.58
0345 144 176 32 32 0.99
0345 256 352 32 32 0.67
0345 0 0 64 32 0.58
0345 256 256 32 32 0.53
0346 256 192 32 32 1.60
0346 240 160 32 32 1.39
0346 176 368 32 32 1.06
0346 48 400 32 32 0.85
0346 80 80 32 32 0.61
0346 48 16 32 32 0.59
0346 128 144 32 32 0.54
0346 240 336 32 32 0.53
0347 48 208 32 32 1.43
0347 32 128 32 32 1.21
0347 48 240 32 32 1.07
0347 32 160 32 32 1.01
0347 208 144 32 32 0.79
0347 208 208 32 32 0.77
0347 80 224 32 32 0.63
0347 16 64 32 32 0.63
0347 208 240 32 32 0.63
0347 0 256 32 32 0.63
0347 240 64 32 32 0.62
0347 400 224 32 32 0.62
0347 368 112 32 32 0.61
0347 10 0 108 32 0.60
0347 80 96 32 32 0.58
0347 128 80 32 32 0.51
0348 256 176 32 32 1.77
0348 256 208 32 32 1.18
0348 368 288 32 32 1.17
0348 208 240 32 32 1.13
0348 400 256 32 32 0.96
0348 272 352 32 32 0.81
0348 400 224 32 32 0.81
0348 0 60 64 72 0.76
0348 368 320 32 32 0.75
0348 16 320 32 32 0.72
0348 16 208 32 32 0.69
0348 80 32 32 32 0.57
0348 96 96 32 32 0.53
0348 128 80 32 32 0.51
0349 96 0 32 32 0.96
0349 64 16 32 32 0.95
0349 0 16 32 32 0.84
0349 128 0 32 32 0.56
0350 160 32 32 32 0.80
0350 80 48 32 32 0.79
0350 176 112 32 32 0.72
0350 80 224 32 32 0.70
0350 80 128 32 32 0.55
0350 64 192 32 32 0.54
0351 48 208 32 32 0.72
0352 48 256 32 32 0.56
0352 144 208 32 32 0.54
0352 112 128 32 32 0.54
0352 44 60 72 72 0.51
0353 48 128 32 32 1.39
0353 80 192 32 32 0.90
0353 208 96 32 32 0.65
0353 60 0 72 64 0.63
0353 192 224 32 32 0.53
0353 240 176 32 32 0.52
0354 160 320 32 32 1.07
0354 64 112 32 32 0.74
0354 28 60 72 72 0.66
0354 48 352 32 32 0.62
0354 144 16 32 32 0.61
0355 144 144 32 32 1.01
0355 76 0 72 32 0.98
0355 208 64 32 32 0.98
0355 256 176 32 32 0.91
0355 64 128 32 32 0.74
0355 28 60 72 72 0.71
0355 96 192 32 32 0.61
0355 108 108 72 72 0.59
0356 176 144 32 32 0.94
0356 272 192 32 32 0.88
0356 64 64 32 32 0.79
0356 140 0 72 64 0.78
0356 96 128 32 32 0.68
0356 352 288 32 32 0.67
0356 224 96 32 32 0.64
0356 144 128 32 32 0.56
0356 384 144 32 32 0.55
0356 256 160 32 32 0.55
0357 176 272 32 32 0.87
0357 112 32 32 32 0.86
0357 0 0 96 32 0.83
0357 112 112 32 32 0.67
0357 192 256 32 32 0.64
0357 208 240 32 32 0.58
0357 176 128 32 32 0.55
0357 144 256 32 32 0.52
0357 96 128 32 32 0.52
0358 64 16 32 32 0.84
0358 80 32 32 32 0.69
0358 112 224 32 32 0.68
0358 44 124 72 72 0.64
0358 12 140 72 72 0.53
0359 64 48 32 32 1.48
0359 12 76 72 72 1.19
0359 144 224 32 32 0.85
0359 64 160 32 32 0.84
0359 304 208 32 32 0.75
0359 192 112 32 32 0.75
0359 176 144 32 32 0.75
0359 112 96 32 32 0.63
0359 256 0 32 32 0.62
0360 44 28 72 72 0.81
0360 80 192 32 32 0.81
0360 80 128 32 32 0.74
0360 16 48 32 32 0.73
0360 144 48 32 32 0.68
0360 112 144 32 32 0.60
0360 108 124 72 72 0.54
0361 224 64 32 32 1.03
0361 240 400 32 32 1.00
0361 96 144 32 32 0.88
0361 208 272 32 32 0.77
0361 160 112 32 32 0.77
0361 80 192 32 32 0.75
0361 336 96 32 32 0.73
0361 92 60 72 72 0.64
0361 160 320 32 32 0.59
0361 208 160 32 32 0.57
0361 128 176 32 32 0.52
0361 320 0 32 32 0.50
0362 16 0 32 32 0.85
0362 192 48 32 32 0.76
0362 176 240 32 32 0.74
0362 32 192 32 32 0.66
0362 48 176 32 32 0.65
0362 112 144 32 32 0.64
0362 208 96 32 32 0.57
0362 112 192 32 32 0.57
0362 92 60 72 72 0.56
0362 112 224 32 32 0.51
0363 0 96 32 32 1.13
0363 16 160 32 32 1.00
0363 16 192 32 32 0.93
0363 48 16 32 32 0.88
0363 320 384 32 32 0.81
0363 0 60 64 72 0.75
0363 25 42 110 108 0.73
0363 112 224 32 32 0.73
0363 272 352 32 32 0.71
0363 176 352 32 32 0.61
0363 0 0 64 32 0.56
0363 128 112 32 32 0.56
0364 112 208 32 32 0.90
0364 80 128 32 32 0.89
0364 64 224 32 32 0.63
0364 112 128 32 32 0.62
0364 96 80 32 32 0.60
0364 96 48 32 32 0.59
0364 44 12 72 72 0.56
0365 160 128 32 32 0.64
0365 64 128 32 32 0.61
0365 80 80 32 32 0.58
0365 128 128 32 32 0.52
0366 0 16 32 32 1.24
0366 112 112 32 32 1.19
0366 44 60 72 72 0.97
0366 208 224 32 32 0.84
0366 48 224 32 32 0.73
0366 272 256 32 32 0.66
0366 192 0 32 32 0.64
0366 144 96 32 32 0.62
0366 208 96 32 32 0.61
0366 16 256 32 32 0.55
0366 92 76 72 72 0.53
0366 0 26 32 108 0.53
0366 32 144 32 32 0.50
0367 160 144 32 32 1.06
0367 0 10 96 108 1.01
0367 160 336 32 32 0.86
0367 128 160 32 32 0.77
0367 240 224 32 32 0.76
0367 80 112 32 32 0.59
0368 32 400 32 32 1.59
0368 48 96 32 32 1.04
0368 16 128 32 32 0.74
0368 32 64 32 32 0.74
0368 192 368 32 32 0.68
0368 80 112 32 32 0.66
0368 160 240 32 32 0.66
0368 112 112 32 32 0.66
0368 16 192 32 32 0.65
0368 80 352 32 32 0.62
0368 32 0 32 32 0.58
0368 240 144 32 32 0.57
0368 240 112 32 32 0.55
0368 176 384 32 32 0.55
0368 80 384 32 32 0.53
0368 208 336 32 32 0.53
0368 0 320 32 32 0.52
0368 76 140 72 72 0.52
0368 288 192 32 32 0.51
0368 240 368 32 32 0.51
0368 64 240 32 32 0.50
0369 0 272 32 32 1.27
0369 96 80 32 32 0.82
0369 80 304 32 32 0.77
0369 112 160 32 32 0.64
0369 12 0 72 32 0.55
0369 128 224 32 32 0.54
0369 48 208 32 32 0.51
0370 44 12 72 72 1.48
0370 64 288 32 32 1.02
0370 32 304 32 32 0.96
0370 0 124 64 72 0.90
0370 0 0 64 32 0.89
0370 256 320 32 32 0.87
0370 0 224 32 32 0.79
0370 0 336 32 32 0.74
0370 160 224 32 32 0.73
0370 96 64 32 32 0.60
0370 224 304 32 32 0.58
0370 16 192 32 32 0.57
0370 240 336 32 32 0.51
0371 320 80 32 32 0.77
0371 192 16 32 32 0.75
0371 352 32 32 32 0.66
0371 80 48 32 32 0.62
0372 44 12 72 72 0.80
0372 96 64 32 32 0.78
0372 112 112 32 32 0.62
0372 0 0 64 32 0.57
0372 176 96 32 32 0.57
0372 96 336 32 32 0.53
0372 176 48 32 32 0.53
0372 128 64 32 32 0.51
0373 0 0 96 32 1.14
0373 32 96 32 32 0.69
0373 112 16 32 32 0.52
0374 240 96 32 32 0.72
0374 0 0 64 32 0.66
0374 112 80 32 32 0.66
0374 96 48 32 32 0.61
0375 60 0 72 64 0.61
0375 60 44 72 72 0.59
0375 144 416 32 32 0.55
0375 64 352 32 32 0.53
0375 32 240 32 32 0.51
0376 288 144 32 32 0.83
0376 16 96 32 32 0.73
0376 144 240 32 32 0.55
0377 16 240 32 32 0.51
0378 26 26 108 108 1.25
0378 240 208 32 32 0.81
0378 92 76 72 72 0.78
0378 240 176 32 32 0.77
0378 64 0 32 32 0.61
0378 128 240 32 32 0.57
0379 16 128 32 32 1.17
0379 0 0 96 32 0.99
0379 32 192 32 32 0.76
0379 48 160 32 32 0.73
0379 32 96 32 32 0.71
0379 80 16 32 32 0.63
0379 160 352 32 32 0.63
0379 144 176 32 32 0.59
0379 0 256 32 32 0.58
0379 176 208 32 32 0.54
0379 0 0 32 96 0.54
0379 0 96 32 32 0.52
0380 16 112 32 32 1.07
0380 288 128 32 32 0.97
0380 128 208 32 32 0.87
0380 288 48 32 32 0.75
0380 304 64 32 32 0.57
0380 60 92 72 72 0.56
0380 192 80 32 32 0.55
0380 304 176 32 32 0.54
0381 320 0 32 32 0.66
0381 64 256 32 32 0.66
0381 368 160 32 32 0.65
0381 60 92 72 72 0.60
0381 128 160 32 32 0.60
0382 0 92 32 72 1.46
0382 96 64 32 32 0.90
0382 64 208 32 32 0.73
0382 144 112 32 32 0.68
0382 0 176 32 32 0.57
0383 48 240 32 32 1.09
0383 60 60 72 72 0.87
0383 28 0 72 64 0.78
0383 0 80 32 32 0.77
0383 160 224 32 32 0.74
0383 96 192 32 32 0.68
0383 208 112 32 32 0.63
0383 48 160 32 32 0.62
0383 32 112 32 32 0.59
0383 28 92 72 72 0.57
0383 128 32 32 32 0.55
0384 208 192 32 32 1.17
0384 92 76 72 72 1.11
0384 400 304 32 32 0.70
0384 92 12 72 72 0.61
0385 112 144 32 32 0.86
0385 64 400 32 32 0.83
0385 0 0 64 32 0.75
0385 112 352 32 32 0.73
0385 80 336 32 32 0.69
0385 176 208 32 32 0.57
0385 96 256 32 32 0.51
0386 112 192 32 32 1.33
0386 80 80 32 32 1.11
0386 44 0 72 64 0.92
0386 28 28 72 72 0.75
0386 176 320 32 32 0.68
0386 208 272 32 32 0.68
0386 176 288 32 32 0.61
0386 128 80 32 32 0.58
0386 208 144 32 32 0.55
0386 0 10 96 108 0.53
0387 124 60 72 72 1.03
0387 368 240 32 32 0.80
0387 320 96 32 32 0.72
0387 224 240 32 32 0.63
0387 176 256 32 32 0.62
0387 224 112 32 32 0.56
0387 368 48 32 32 0.55
0388 96 112 32 32 0.66
0388 64 16 32 32 0.61
0388 32 176 32 32 0.59
0388 240 176 32 32 0.56
0389 240 32 32 32 1.12
0389 240 304 32 32 1.03
0389 48 144 32 32 0.90
0389 192 112 32 32 0.86
0389 0 272 32 32 0.81
0389 192 160 32 32 0.79
0389 208 192 32 32 0.74
0389 128 64 32 32 0.70
0389 368 48 32 32 0.59
0389 320 288 32 32 0.58
0389 80 208 32 32 0.51
0390 128 176 32 32 1.71
0390 0 0 64 32 1.19
0390 112 32 32 32 1.10
0390 28 0 72 64 1.00
0390 240 240 32 32 1.00
0390 176 48 32 32 0.93
0390 28 60 72 72 0.85
0390 80 112 32 32 0.73
0390 144 256 32 32 0.72
0390 96 336 32 32 0.70
0390 160 160 32 32 0.69
0390 304 240 32 32 0.61
0390 128 16 32 32 0.59
0390 28 108 72 72 0.59
0390 240 144 32 32 0.57
0391 32 32 32 32 1.45
0391 64 192 32 32 0.92
0391 48 368 32 32 0.89
0391 64 224 32 32 0.78
0391 16 0 32 32 0.75
0391 32 240 32 32 0.69
0391 160 176 32 32 0.65
0391 272 96 32 32 0.57
0391 0 42 32 108 0.55
0391 76 44 72 72 0.51
0392 96 64 32 32 0.88
0392 160 144 32 32 0.69
0392 42 0 108 96 0.54
0392 336 32 32 32 0.52
0392 208 96 32 32 0.52
0392 192 32 32 32 0.51
0392 112 96 32 32 0.51
0393 0 42 32 108 0.82
0393 160 128 32 32 0.75
0393 32 0 32 32 0.63
0393 16 272 32 32 0.62
0393 12 0 72 64 0.51
0393 44 76 72 72 0.50
0394 92 92 72 72 1.67
0394 12 44 72 72 0.68
0394 176 160 32 32 0.60
0394 160 176 32 32 0.55
0394 0 0 64 32 0.54
0395 16 224 32 32 1.06
0395 208 240 32 32 0.95
0395 16 112 32 32 0.90
0395 176 240 32 32 0.77
0395 0 0 32 32 0.71
0395 64 160 32 32 0.64
0395 96 224 32 32 0.64
0395 112 240 32 32 0.64
0395 224 272 32 32 0.64
0395 48 304 32 32 0.59
0395 32 272 32 32 0.59
0395 16 176 32 32 0.58
0395 240 400 32 32 0.56
0395 128 320 32 32 0.55
0395 224 80 32 32 0.52
0396 44 76 72 72 0.66
0396 0 60 64 72 0.64
0396 64 192 32 32 0.57
0396 144 128 32 32 0.52
0396 16 144 32 32 0.51
0397 80 32 32 32 0.69
0397 128 48 32 32 0.62
0397 28 0 72 64 0.53
0398 12 0 72 64 0.86
0398 64 256 32 32 0.83
0398 128 256 32 32 0.80
0398 0 384 32 32 0.66
0399 144 48 32 32 0.85
0399 12 140 72 72 0.77
0399 80 16 32 32 0.75
0399 176 192 32 32 0.61
0399 60 108 72 72 0.57
0399 48 48 32 32 0.56
0399 256 128 32 32 0.54
0399 224 96 32 32 0.51
0400 64 416 32 32 0.88
0400 80 0 32 32 0.83
0400 16 0 32 32 0.80
0400 32 400 32 32 0.77
0400 12 44 72 72 0.74
0400 144 0 32 32 0.70
0400 32 16 32 32 0.69
0400 0 0 64 96 0.66
0400 96 80 32 32 0.63
0400 76 140 72 72 0.60
0400 128 32 32 32 0.52
0401 0 92 32 72 1.82
0401 44 44 72 72 1.08
0401 16 320 32 32 0.81
0401 0 42 96 108 0.79
0401 112 80 32 32 0.69
0401 48 0 32 32 0.65
0401 16 288 32 32 0.64
0401 112 112 32 32 0.60
0401 176 144 32 32 0.56
0401 128 96 32 32 0.52
0401 96 176 32 32 0.52
0402 112 160 32 32 1.83
0402 0 0 64 32 1.28
0402 176 256 32 32 1.23
0402 76 0 72 64 1.23
0402 288 240 32 32 0.90
0402 112 128 32 32 0.88
0402 0 10 96 108 0.86
0402 224 160 32 32 0.85
0402 32 256 32 32 0.70
0402 44 76 72 72 0.69
0402 64 208 32 32 0.68
0402 60 124 72 72 0.67
0402 192 320 32 32 0.62
0402 192 224 32 32 0.58
0402 240 144 32 32 0.56
0402 224 336 32 32 0.51
0403 224 400 32 32 1.32
0403 0 16 32 32 1.11
0403 256 16 32 32 0.99
0403 64 160 32 32 0.97
0403 16 224 32 32 0.84
0403 176 208 32 32 0.68
0403 32 336 32 32 0.67
0403 92 0 72 32 0.61
0403 32 144 32 32 0.57
0403 0 384 32 32 0.56
0403 0 124 32 72 0.54
0403 0 0 96 96 0.54
0403 60 76 72 72 0.53
0403 128 352 32 32 0.53
0403 76 140 72 72 0.52
0403 28 92 72 72 0.51
0404 48 48 32 32 1.37
0404 96 64 32 32 1.34
0404 0 108 32 72 1.21
0404 0 42 32 108 0.96
0404 48 16 32 32 0.72
0404 0 0 96 64 0.66
0404 16 288 32 32 0.59
0405 16 256 32 32 1.21
0405 112 48 32 32 1.13
0405 48 192 32 32 1.05
0405 64 64 32 32 0.72
0405 0 108 64 72 0.70
0405 160 128 32 32 0.70
0405 32 240 32 32 0.68
0405 60 44 72 72 0.66
0405 48 368 32 32 0.64
0405 0 176 32 32 0.62
0405 208 144 32 32 0.59
0405 224 80 32 32 0.56
0405 112 112 32 32 0.52
0405 208 32 32 32 0.51
0406 60 0 72 64 0.72
0407 80 112 32 32 1.34
0407 192 0 32 32 0.95
0407 160 128 32 32 0.86
0407 96 144 32 32 0.72
0407 160 256 32 32 0.67
0407 96 80 32 32 0.63
0407 80 224 32 32 0.60
0407 16 160 32 32 0.58
0407 144 144 32 32 0.55
0407 144 16 32 32 0.53
0407 112 160 32 32 0.52
0408 240 48 32 32 0.62
0408 0 0 64 32 0.60
0408 10 26 108 108 0.55
0408 60 92 72 72 0.50
0409 80 0 32 32 1.43
0409 160 128 32 32 0.67
0409 160 400 32 32 0.63
0409 320 288 32 32 0.62
0409 16 192 32 32 0.58
0409 192 0 32 32 0.58
0409 32 160 32 32 0.56
0409 16 416 32 32 0.54
0409 28 0 72 32 0.54
0409 208 16 32 32 0.51
0409 224 176 32 32 0.50
0410 288 240 32 32 1.59
0410 176 336 32 32 0.71
0410 304 192 32 32 0.67
0410 272 192 32 32 0.66
0410 224 240 32 32 0.65
0410 48 64 32 32 0.62
0410 80 64 32 32 0.62
0410 96 144 32 32 0.58
0410 44 44 72 72 0.55
0410 112 112 32 32 0.55
0410 160 96 32 32 0.54
0410 96 16 32 32 0.54
0410 176 32 32 32 0.52
0410 224 16 32 32 0.51
0410 128 336 32 32 0.50
0411 128 112 32 32 1.52
0411 224 160 32 32 1.03
0411 256 112 32 32 0.90
0411 192 176 32 32 0.79
0411 176 144 32 32 0.57
0411 192 80 32 32 0.57
0411 256 80 32 32 0.55
0411 160 80 32 32 0.53
0412 58 0 108 96 1.73
0412 256 80 32 32 1.30
0412 140 12 72 72 1.04
0412 256 112 32 32 1.04
0412 224 80 32 32 0.98
0412 224 16 32 32 0.97
0412 240 64 32 32 0.82
0412 256 176 32 32 0.79
0412 240 128 32 32 0.75
0412 352 224 32 32 0.73
0412 28 76 72 72 0.72
0412 368 80 32 32 0.68
0412 208 0 32 32 0.67
0412 224 144 32 32 0.65
0412 192 64 32 32 0.63
0412 124 60 72 72 0.57
0413 32 144 32 32 0.89
0413 80 176 32 32 0.70
0413 92 76 72 72 0.68
0413 0 144 32 32 0.65
0413 176 144 32 32 0.61
0413 32 240 32 32 0.60
0413 112 240 32 32 0.58
0413 44 140 72 72 0.57
0413 288 192 32 32 0.57
0413 176 112 32 32 0.56
0413 48 224 32 32 0.52
0414 112 32 32 32 1.70
0414 64 48 32 32 1.25
0414 48 32 32 32 1.22
0414 12 0 72 64 1.11
0414 384 256 32 32 0.98
0414 96 80 32 32 0.94
0414 80 64 32 32 0.89
0414 96 48 32 32 0.83
0414 42 0 108 32 0.78
0414 80 32 32 32 0.77
0414 96 176 32 32 0.70
0414 42 10 108 108 0.60
0414 0 0 32 96 0.60
0414 304 160 32 32 0.59
0414 96 112 32 32 0.59
0414 160 256 32 32 0.57
0414 124 0 72 64 0.53
0414 108 76 72 72 0.52
0415 0 92 32 72 1.35
0415 64 304 32 32 1.23
0415 16 288 32 32 1.20
0415 16 320 32 32 1.07
0415 96 0 32 32 1.04
0415 192 368 32 32 0.94
0415 0 26 96 108 0.89
0415 32 208 32 32 0.72
0415 0 0 64 32 0.69
0415 16 192 32 32 0.65
0415 92 108 72 72 0.63
0415 256 32 32 32 0.57
0415 112 64 32 32 0.55
0415 288 256 32 32 0.54
0415 208 0 32 32 0.51
0415 48 288 32 32 0.51
0415 10 0 108 64 0.51
0415 176 16 32 32 0.50
0416 44 76 72 72 0.75
0416 0 140 64 72 0.71
0416 160 224 32 32 0.63
0416 12 12 72 72 0.62
0416 0 0 96 32 0.58
0416 208 368 32 32 0.55
0416 80 192 32 32 0.53
0417 12 0 72 32 1.19
0417 80 48 32 32 1.08
0417 80 96 32 32 1.07
0417 48 224 32 32 0.94
0417 96 32 32 32 0.86
0417 416 128 32 32 0.80
0417 256 64 32 32 0.78
0417 26 0 108 64 0.75
0417 140 12 72 72 0.72
0417 288 224 32 32 0.71
0417 240 224 32 32 0.70
0417 400 96 32 32 0.65
0417 400 144 32 32 0.61
0417 384 112 32 32 0.60
0417 272 144 32 32 0.56
0417 240 32 32 32 0.50
0418 224 416 32 32 1.14
0418 176 112 32 32 1.10
0418 352 304 32 32 0.90
0418 352 352 32 32 0.82
0418 64 240 32 32 0.75
0418 80 368 32 32 0.62
0418 32 224 32 32 0.56
0418 76 28 72 72 0.55
0418 12 140 72 72 0.54
0419 208 192 32 32 0.96
0419 32 48 32 32 0.75
0419 48 80 32 32 0.67
0419 0 12 64 72 0.67
0419 144 48 32 32 0.64
0419 176 64 32 32 0.57
0419 76 12 72 72 0.55
0419 160 0 32 32 0.54
0419 272 304 32 32 0.52
0420 112 16 32 32 2.56
0420 176 16 32 32 1.30
0420 160 32 32 32 1.04
0420 44 0 72 32 1.00
0420 80 224 32 32 0.91
0420 0 0 96 96 0.82
0420 176 144 32 32 0.77
0420 80 80 32 32 0.61
0420 208 0 32 32 0.61
0420 44 60 72 72 0.60
0420 112 96 32 32 0.58
0420 32 368 32 32 0.57
0420 80 192 32 32 0.54
0420 128 128 32 32 0.53
0420 256 160 32 32 0.51
0421 112 208 32 32 0.74
0421 64 208 32 32 0.73
0421 240 16 32 32 0.70
0421 112 16 32 32 0.60
0422 96 32 32 32 1.22
0422 208 256 32 32 0.81
0422 96 96 32 32 0.60
0422 256 16 32 32 0.59
0423 0 112 32 32 0.90
0423 112 48 32 32 0.79
0423 96 192 32 32 0.74
0423 128 176 32 32 0.62
0423 16 176 32 32 0.56
0423 64 144 32 32 0.55
0423 192 272 32 32 0.53
0424 16 128 32 32 0.90
0424 32 192 32 32 0.76
0424 0 60 64 72 0.71
0424 144 128 32 32 0.68
0424 32 160 32 32 0.67
0424 192 80 32 32 0.52
0425 0 0 32 32 1.11
0425 176 288 32 32 0.87
0425 64 64 32 32 0.84
0425 96 48 32 32 0.82
0425 352 288 32 32 0.79
0425 64 32 32 32 0.67
0425 80 16 32 32 0.53
0426 80 224 32 32 1.18
0426 48 144 32 32 0.94
0426 160 128 32 32 0.70
0426 64 80 32 32 0.67
0426 96 80 32 32 0.61
0427 96 192 32 32 1.70
0427 64 128 32 32 1.43
0427 12 60 72 72 1.18
0427 256 160 32 32 1.04
0427 224 32 32 32 0.82
0427 192 96 32 32 0.74
0427 320 224 32 32 0.72
0427 92 0 72 32 0.70
0427 0 208 32 32 0.64
0427 352 224 32 32 0.64
0427 128 80 32 32 0.63
0427 304 0 32 32 0.60
0427 0 272 32 32 0.59
0427 192 160 32 32 0.57
0427 16 160 32 32 0.57
0427 208 16 32 32 0.57
0427 304 208 32 32 0.56
0427 160 16 32 32 0.56
0427 26 0 108 64 0.53
0427 0 108 32 72 0.52
0427 384 240 32 32 0.51
0427 160 80 32 32 0.51
0428 0 192 32 32 0.51
0428 112 224 32 32 0.50
0429 128 384 32 32 1.21
0429 112 368 32 32 1.12
0429 96 224 32 32 1.09
0429 0 42 96 108 1.04
0429 96 352 32 32 0.93
0429 0 0 64 32 0.92
0429 80 336 32 32 0.67
0429 144 0 32 32 0.65
0429 0 208 32 32 0.61
0429 128 80 32 32 0.57
0429 96 416 32 32 0.54
0429 32 352 32 32 0.53
0429 128 240 32 32 0.52
0429 224 400 32 32 0.52
0430 240 336 32 32 1.04
0430 144 96 32 32 0.81
0430 272 272 32 32 0.73
0430 176 224 32 32 0.57
0430 112 192 32 32 0.54
0431 48 176 32 32 1.05
0431 0 26 96 108 1.02
0431 64 160 32 32 0.92
0431 112 288 32 32 0.77
0431 96 48 32 32 0.77
0431 80 192 32 32 0.60
0431 96 240 32 32 0.58
0432 160 128 32 32 1.73
0432 32 144 32 32 1.06
0432 80 192 32 32 0.93
0432 256 192 32 32 0.90
0432 160 0 32 32 0.90
0432 256 16 32 32 0.87
0432 0 48 32 32 0.67
0432 176 32 32 32 0.61
0432 48 128 32 32 0.61
0432 32 64 32 32 0.60
0432 208 256 32 32 0.59
0432 112 48 32 32 0.59
0432 96 304 32 32 0.57
0432 224 176 32 32 0.57
0432 96 96 32 32 0.52
0432 124 60 72 72 0.51
0432 92 0 72 32 0.51
0432 48 224 32 32 0.50
0433 240 272 32 32 0.62
0433 128 384 32 32 0.53
0433 96 80 32 32 0.51
0433 12 124 72 72 0.50
0434 112 320 32 32 1.03
0434 96 336 32 32 0.89
0434 32 192 32 32 0.82
0434 224 112 32 32 0.77
0434 144 64 32 32 0.76
0434 64 288 32 32 0.74
0434 80 64 32 32 0.74
0434 44 28 72 72 0.73
0434 0 208 32 32 0.70
0434 0 128 32 32 0.70
0434 64 112 32 32 0.67
0436 80 80 32 32 1.67
0436 64 208 32 32 0.87
0436 80 112 32 32 0.65
0436 240 208 32 32 0.60
0437 176 48 32 32 1.00
0437 176 288 32 32 0.96
0437 128 272 32 32 0.88
0437 80 32 32 32 0.84
0437 0 64 32 32 0.77
0437 112 128 32 32 0.76
0437 44 60 72 72 0.72
0437 160 192 32 32 0.70
0437 16 16 32 32 0.69
0437 272 80 32 32 0.68
0437 80 160 32 32 0.64
0437 176 176 32 32 0.63
0437 32 0 32 32 0.62
0437 256 64 32 32 0.56
0437 92 0 72 64 0.55
0437 208 272 32 32 0.53
0437 192 144 32 32 0.51
0438 96 64 32 32 0.78
0438 64 224 32 32 0.74
0438 48 64 32 32 0.73
0438 272 224 32 32 0.68
0438 48 144 32 32 0.66
0438 208 336 32 32 0.66
0438 0 288 32 32 0.55
0438 96 32 32 32 0.52
0439 160 0 32 32 1.26
0439 80 160 32 32 0.96
0439 0 124 64 72 0.87
0439 48 16 32 32 0.86
0439 80 32 32 32 0.76
0439 128 0 32 32 0.75
0439 112 160 32 32 0.72
0439 16 224 32 32 0.60
0439 208 32 32 32 0.58
0439 0 352 32 32 0.56
0439 48 112 32 32 0.52
0439 176 256 32 32 0.52
0439 96 304 32 32 0.52
0440 16 224 32 32 1.50
0440 0 124 32 72 0.90
0440 0 208 32 32 0.81
0440 48 336 32 32 0.62
0440 0 0 32 32 0.61
0440 80 224 32 32 0.59
0440 16 256 32 32 0.57
0440 16 16 32 32 0.54
0441 96 0 32 32 0.82
0441 160 80 32 32 0.69
0441 160 160 32 32 0.55
0442 0 44 64 72 0.81
0442 0 0 64 64 0.79
0442 176 0 32 32 0.70
0442 272 0 32 32 0.67
0442 80 400 32 32 0.59
0442 240 48 32 32 0.57
0442 224 368 32 32 0.53
0442 44 44 72 72 0.52
0443 128 352 32 32 1.66
0443 0 92 32 72 0.93
0443 0 58 96 108 0.92
0443 28 140 72 72 0.85
0443 48 320 32 32 0.65
0443 80 240 32 32 0.65
0443 208 304 32 32 0.57
0443 144 400 32 32 0.52
0444 64 224 32 32 0.91
0444 176 48 32 32 0.78
0444 92 0 72 64 0.71
0444 192 0 32 32 0.66
0444 144 192 32 32 0.65
0444 256 160 32 32 0.65
0444 160 16 32 32 0.54
0444 32 208 32 32 0.52
0445 42 26 108 108 0.65
0446 0 0 32 128 1.56
0446 96 32 32 32 0.79
0446 96 64 32 32 0.73
0446 144 240 32 32 0.72
0446 0 176 32 32 0.71
0446 44 0 72 64 0.70
0446 48 256 32 32 0.67
0446 16 224 32 32 0.62
0446 208 96 32 32 0.59
0446 160 96 32 32 0.50
0447 0 0 32 32 1.29
0447 32 272 32 32 0.90
0447 0 176 32 32 0.52
